Class Name,Class Stereotype,Method Name,Method Stereotype
"IconSetJenkins68805Test","boundary degenerate small-class","getSymbol_notSettingTooltipDoesntAddTooltipAttribute_evenWithAmpersand","wrapper stateless",
"FieldUtilsTest","degenerate","setProtectedFieldValue_Should_fail_silently_to_set_public_final_fields_in_InnerClass","controller stateless",
"FieldUtilsTest","degenerate","setProtectedFieldValue_Should_fail_silently_to_set_public_final_fields_in_OuterClass","controller stateless",
"FieldUtilsTest","degenerate","setProtectedFieldValue_Should_Succeed","controller stateless",
"FieldUtilsTest","degenerate","setNonExistingField_Should_Fail","wrapper stateless",
"SecurityContextTest","pure-controller degenerate small-class","serializabilityFromSpring","controller stateless",
"SecurityContextTest","pure-controller degenerate small-class","serializabilityToSpring","controller stateless",
"AuthenticationTest","degenerate","system","command",
"AuthenticationTest","degenerate","anonymous","command",
"AuthenticationTest","degenerate","user","wrapper stateless",
"AuthenticationTest","degenerate","assertEquality","controller stateless",
"AuthenticationTest","degenerate","principal","wrapper stateless",
"AuthenticationTest","degenerate","assertPrincipal","controller stateless",
"AuthenticationTest","degenerate","custom","controller stateless",
"XMLUtilsTest","pure-controller degenerate","testSafeTransformDoesNotProcessForeignResources","controller stateless",
"XMLUtilsTest","pure-controller degenerate","testUpdateByXmlIDoesNotFail","controller stateless",
"XMLUtilsTest","pure-controller degenerate","testGetValue","controller stateless",
"XMLUtilsTest","pure-controller degenerate","testParse_with_XXE","controller stateless",
"HistoryPageFilterTest","commander boundary","test_latest_empty_page","command collaborator",
"HistoryPageFilterTest","commander boundary","test_latest_partial_page","command collaborator",
"HistoryPageFilterTest","commander boundary","test_latest_longer_list","command collaborator",
"HistoryPageFilterTest","commander boundary","test_olderThan_gt_newest","command collaborator",
"HistoryPageFilterTest","commander boundary","test_olderThan_lt_oldest","command collaborator",
"HistoryPageFilterTest","commander boundary","test_olderThan_leaving_part_page","command collaborator",
"HistoryPageFilterTest","commander boundary","test_olderThan_mid_page","command collaborator",
"HistoryPageFilterTest","commander boundary","test_newerThan_gt_newest","command collaborator",
"HistoryPageFilterTest","commander boundary","test_newerThan_lt_oldest","command collaborator",
"HistoryPageFilterTest","commander boundary","test_newerThan_near_oldest","command collaborator",
"HistoryPageFilterTest","commander boundary","test_newerThan_near_newest","command collaborator",
"HistoryPageFilterTest","commander boundary","test_newerThan_doesntIncludeQueuedItems","command collaborator",
"HistoryPageFilterTest","commander boundary","test_laterItemsNotEvaluated","command",
"HistoryPageFilterTest","commander boundary","test_search_runs_by_build_number","command collaborator",
"HistoryPageFilterTest","commander boundary","should_be_case_insensitive_by_default","command collaborator",
"HistoryPageFilterTest","commander boundary","should_lower_case_search_string_in_case_insensitive_search","command collaborator",
"HistoryPageFilterTest","commander boundary","should_search_builds_by_build_variables","command collaborator",
"HistoryPageFilterTest","commander boundary","should_search_builds_by_build_params","command collaborator",
"HistoryPageFilterTest","commander boundary","should_ignore_sensitive_parameters_in_search_builds_by_build_params","command collaborator",
"HistoryPageFilterTest","commander boundary","assertOneMatchingBuildForGivenSearchStringAndRunItems","command collaborator",
"HistoryPageFilterTest","commander boundary","newQueueItems","factory controller stateless",
"HistoryPageFilterTest","commander boundary","newRuns","factory controller stateless",
"HistoryPageFilterTest","commander boundary","newPage","factory controller stateless",
"PathRemoverTest","commander boundary","testForceRemoveFile","command collaborator",
"PathRemoverTest","commander boundary","testForceRemoveFile_LockedFile","controller stateless",
"PathRemoverTest","commander boundary","testForceRemoveFile_ReadOnly","command collaborator",
"PathRemoverTest","commander boundary","testForceRemoveFile_DoesNotExist","command collaborator",
"PathRemoverTest","commander boundary","testForceRemoveFile_SymbolicLink","command collaborator",
"PathRemoverTest","commander boundary","testForceRemoveFile_DotsInPath","command collaborator",
"PathRemoverTest","commander boundary","testForceRemoveFile_ParentIsSymbolicLink","command collaborator",
"PathRemoverTest","commander boundary","testForceRemoveDirectoryContents","command collaborator",
"PathRemoverTest","commander boundary","testForceRemoveDirectoryContents_LockedFile","command collaborator",
"PathRemoverTest","commander boundary","testForceRemoveRecursive","command collaborator",
"PathRemoverTest","commander boundary","testForceRemoveRecursive_DeletesAsMuchAsPossibleWithLockedFiles","command collaborator",
"PathRemoverTest","commander boundary","testForceRemoveRecursive_RetryOnFailure","command collaborator",
"PathRemoverTest","commander boundary","testForceRemoveRecursive_FailsWhenInterrupted","command collaborator",
"PathRemoverTest","commander boundary","testForceRemoveRecursive_ContainsSymbolicLinks","command collaborator",
"PathRemoverTest","commander boundary","testForceRemoveRecursive_ContainsDotPath","command collaborator",
"PathRemoverTest","commander boundary","testForceRemoveRecursive_ParentIsSymbolicLink","command collaborator",
"PathRemoverTest","commander boundary","testForceRemoveRecursive_TruncatesNumberOfExceptions","command collaborator",
"FileLockerRule","commander boundary","after","command collaborator",
"FileLockerRule","commander boundary","acquireLock","command collaborator",
"FileLockerRule","commander boundary","releaseLock","command collaborator",
"TreeStringBuilderTest","unclassified","test","command collaborator",
"TreeStringBuilderTest","unclassified","testRandom","command",
"TreeStringBuilderTest","unclassified","verify","controller stateless",
"TimerTest","pure-controller degenerate small-class","timersArentBlocked","controller stateless",
"TimerTest","pure-controller degenerate small-class","timerBogusClassloader","controller stateless",
"TimeDurationTest","boundary degenerate small-class","fromString","wrapper stateless",
"MarkFindingOutputStreamTest","commander","findTwice","command",
"MarkFindingOutputStreamTest","commander","partialMatchTurnsOutToBeWrongIn2ndWrite","command",
"MarkFindingOutputStreamTest","commander","closeInTheMiddle","command",
"MarkFindingOutputStreamTest","commander","oneByOne","command",
"MarkFindingOutputStreamTest","commander","writeOneHoldOff","command",
"MarkFindingOutputStreamTest","commander","assertOutput","command",
"MarkFindingOutputStreamTest","commander","assertCount","wrapper",
"MarkFindingOutputStreamTest","commander","write","command",
"MarkFindingOutputStreamTest","commander","writeOneByOne","command",
"JenkinsJVMTest","boundary degenerate","checkNotJenkinsJVM_WhenNotInAJenkinsJVM","wrapper stateless",
"JenkinsJVMTest","boundary degenerate","checkJenkinsJVM_WhenNotInAJenkinsJVM","wrapper stateless",
"JenkinsJVMTest","boundary degenerate","checkNotJenkinsJVM_WhenInAJenkinsJVM","wrapper stateless",
"JenkinsJVMTest","boundary degenerate","checkJenkinsJVM_WhenInAJenkinsJVM","wrapper stateless",
"SCMTriggerItemTest","boundary degenerate small-class","noVetoDelegatesPollingToAnSCMedItem","wrapper stateless",
"ApiTokenStatsTest","commander boundary","prepareConfig","wrapper stateless",
"ApiTokenStatsTest","commander boundary","regularUsage","command collaborator",
"ApiTokenStatsTest","commander boundary","testResilientIfFileDoesNotExist","command collaborator",
"ApiTokenStatsTest","commander boundary","resistantToDuplicatedUuid","command collaborator",
"ApiTokenStatsTest","commander boundary","resistantToDuplicatedUuid_withNull","command collaborator",
"ApiTokenStatsTest","commander boundary","testInternalComparator","command",
"ApiTokenStatsTest","commander boundary","createSingleTokenStatsByReflection","controller stateless",
"ApiTokenStatsTest","commander boundary","testDayDifference","command collaborator",
"ApiTokenStatsTest","commander boundary","createFromFile","factory wrapper stateless",
"RedactSecretJsonInErrorMessageSanitizerTest","boundary degenerate","noSecrets","wrapper stateless",
"RedactSecretJsonInErrorMessageSanitizerTest","boundary degenerate","simpleWithSecret","wrapper stateless",
"RedactSecretJsonInErrorMessageSanitizerTest","boundary degenerate","singleWithRedactedInArray","wrapper stateless",
"RedactSecretJsonInErrorMessageSanitizerTest","boundary degenerate","objectRedactedAcceptedButNotProcessed","wrapper stateless",
"RedactSecretJsonInErrorMessageSanitizerTest","boundary degenerate","weirdValuesInRedactedAcceptedButNotProcessed","wrapper stateless",
"RedactSecretJsonInErrorMessageSanitizerTest","boundary degenerate","ensureTrueAndOneAsStringAreSupportedAsRedactedKey","wrapper stateless",
"RedactSecretJsonInErrorMessageSanitizerTest","boundary degenerate","redactFullBranch","wrapper stateless",
"RedactSecretJsonInErrorMessageSanitizerTest","boundary degenerate","multipleSecretAtSameLevel","wrapper stateless",
"RedactSecretJsonInErrorMessageSanitizerTest","boundary degenerate","redactedKeyWithoutCorrespondences","wrapper stateless",
"RedactSecretJsonInErrorMessageSanitizerTest","boundary degenerate","secretsAtMultipleLevels","wrapper stateless",
"RedactSecretJsonInErrorMessageSanitizerTest","boundary degenerate","noInteractionBetweenLevels","wrapper stateless",
"RedactSecretJsonInErrorMessageSanitizerTest","boundary degenerate","deeplyNestedObject","wrapper stateless",
"RedactSecretJsonInErrorMessageSanitizerTest","boundary degenerate","assertRedaction","controller stateless",
"RSAConfidentialKeyTest","commander boundary small-class","loadingExistingKey","command collaborator",
"HexStringConfidentialKeyTest","degenerate","hexStringShouldProduceHexString","controller stateless",
"HexStringConfidentialKeyTest","degenerate","multipleGetsAreIdempotent","controller stateless",
"HexStringConfidentialKeyTest","degenerate","specifyLengthAndMakeSureItTakesEffect","wrapper stateless",
"HexStringConfidentialKeyTest","degenerate","loadingExistingKey","controller stateless",
"DefaultConfidentialStoreTest","commander boundary small-class","roundtrip","command collaborator",
"CryptoConfidentialKeyTest","commander","decryptGetsPlainTextBack","command",
"CryptoConfidentialKeyTest","commander","multipleEncryptsAreIdempotent","command",
"CryptoConfidentialKeyTest","commander","loadingExistingKey","command",
"ClassFilterImplSanityTest","pure-controller degenerate small-class","whitelistSanity","controller stateless",
"UrlValidatorTest","controller lazy-class degenerate","setUp","set",
"UrlValidatorTest","controller lazy-class degenerate","testIsValid","command",
"UrlValidatorTest","controller lazy-class degenerate","testIsValidScheme","controller",
"UrlValidatorTest","controller lazy-class degenerate","testIsValid","void-accessor command",
"UrlValidatorTest","controller lazy-class degenerate","testValidator202","controller stateless",
"UrlValidatorTest","controller lazy-class degenerate","testValidator204","controller stateless",
"UrlValidatorTest","controller lazy-class degenerate","testValidator218","controller stateless",
"UrlValidatorTest","controller lazy-class degenerate","testValidator235","controller stateless",
"UrlValidatorTest","controller lazy-class degenerate","testValidator248","controller stateless",
"UrlValidatorTest","controller lazy-class degenerate","testValidator288","controller stateless",
"UrlValidatorTest","controller lazy-class degenerate","testValidator276","controller stateless",
"UrlValidatorTest","controller lazy-class degenerate","testValidator391OK","controller stateless",
"UrlValidatorTest","controller lazy-class degenerate","testValidator391FAILS","controller stateless",
"UrlValidatorTest","controller lazy-class degenerate","testValidator309","controller stateless",
"UrlValidatorTest","controller lazy-class degenerate","testValidator339","controller stateless",
"UrlValidatorTest","controller lazy-class degenerate","testValidator339IDN","controller stateless",
"UrlValidatorTest","controller lazy-class degenerate","testValidator342","controller stateless",
"UrlValidatorTest","controller lazy-class degenerate","testValidator411","controller stateless",
"UrlValidatorTest","controller lazy-class degenerate","testValidator464","controller stateless",
"UrlValidatorTest","controller lazy-class degenerate","testValidator452","controller stateless",
"UrlValidatorTest","controller lazy-class degenerate","testValidator473_1","stateless",
"UrlValidatorTest","controller lazy-class degenerate","testValidator473_2","wrapper stateless",
"UrlValidatorTest","controller lazy-class degenerate","testValidator473_3","wrapper stateless",
"UrlValidatorTest","controller lazy-class degenerate","testPartsIndextoString","property controller",
"UrlValidatorTest","controller lazy-class degenerate","testValidateUrl","wrapper stateless",
"UrlValidatorTest","controller lazy-class degenerate","testValidator290","controller stateless",
"UrlValidatorTest","controller lazy-class degenerate","testValidator361","controller stateless",
"UrlValidatorTest","controller lazy-class degenerate","testValidator363","controller stateless",
"UrlValidatorTest","controller lazy-class degenerate","testValidator375","controller stateless",
"UrlValidatorTest","controller lazy-class degenerate","testValidator353","controller stateless",
"UrlValidatorTest","controller lazy-class degenerate","testValidator382","controller stateless",
"UrlValidatorTest","controller lazy-class degenerate","testValidator380","controller stateless",
"UrlValidatorTest","controller lazy-class degenerate","testValidator420","controller stateless",
"UrlValidatorTest","controller lazy-class degenerate","testValidator467","controller stateless",
"UrlValidatorTest","controller lazy-class degenerate","testValidator283","controller stateless",
"UrlValidatorTest","controller lazy-class degenerate","testFragments","controller stateless",
"RegexValidatorTest","unclassified","RegexValidatorTest","constructor",
"RegexValidatorTest","unclassified","testSingle","command collaborator",
"RegexValidatorTest","unclassified","testMultipleSensitive","command",
"RegexValidatorTest","unclassified","testMultipleInsensitive","command",
"RegexValidatorTest","unclassified","testNullValue","controller",
"RegexValidatorTest","unclassified","testMissingRegex","controller stateless",
"RegexValidatorTest","unclassified","testExceptions","wrapper stateless",
"RegexValidatorTest","unclassified","testToString","controller",
"RegexValidatorTest","unclassified","checkArray","wrapper stateless",
"InetAddressValidatorTest","commander","InetAddressValidatorTest","constructor",
"InetAddressValidatorTest","commander","setUp","set",
"InetAddressValidatorTest","commander","testInetAddressesFromTheWild","command",
"InetAddressValidatorTest","commander","testVALIDATOR_335","command",
"InetAddressValidatorTest","commander","testVALIDATOR_419","command",
"InetAddressValidatorTest","commander","testVALIDATOR_445","command",
"InetAddressValidatorTest","commander","testInetAddressesByClass","command",
"InetAddressValidatorTest","commander","testReservedInetAddresses","command",
"InetAddressValidatorTest","commander","testBrokenInetAddresses","command",
"InetAddressValidatorTest","commander","testIPv6","command",
"DomainValidatorTest","commander","setUp","set",
"DomainValidatorTest","commander","testValidDomains","command",
"DomainValidatorTest","commander","testInvalidDomains","command",
"DomainValidatorTest","commander","testTopLevelDomains","command",
"DomainValidatorTest","commander","testAllowLocal","controller",
"DomainValidatorTest","commander","testIDN","command",
"DomainValidatorTest","commander","testIDNJava6OrLater","command",
"DomainValidatorTest","commander","testRFC2396domainlabel","command",
"DomainValidatorTest","commander","testRFC2396toplabel","command",
"DomainValidatorTest","commander","testDomainNoDots","command",
"DomainValidatorTest","commander","testValidator297","command",
"DomainValidatorTest","commander","testValidator306","command",
"DomainValidatorTest","commander","testUnicodeToASCII","wrapper stateless",
"DomainValidatorTest","commander","testIsIDNtoASCIIBroken","controller stateless",
"DomainValidatorTest","commander","test_INFRASTRUCTURE_TLDS_sortedAndLowerCase","wrapper stateless",
"DomainValidatorTest","commander","test_COUNTRY_CODE_TLDS_sortedAndLowerCase","wrapper stateless",
"DomainValidatorTest","commander","test_GENERIC_TLDS_sortedAndLowerCase","wrapper stateless",
"DomainValidatorTest","commander","test_LOCAL_TLDS_sortedAndLowerCase","wrapper stateless",
"DomainValidatorTest","commander","testEnumIsPublic","wrapper stateless",
"DomainValidatorTest","commander","testGetArray","wrapper stateless",
"ResultPair","empty","ResultPair","constructor",
"OperatingSystemEndOfLifeAdminMonitorTest","commander","OperatingSystemEndOfLifeAdminMonitorTest","constructor",
"OperatingSystemEndOfLifeAdminMonitorTest","commander","testGetDisplayName","command",
"OperatingSystemEndOfLifeAdminMonitorTest","commander","testGetAfterEndOfLifeDate","command",
"OperatingSystemEndOfLifeAdminMonitorTest","commander","testGetDocumentationUrl","command",
"OperatingSystemEndOfLifeAdminMonitorTest","commander","testGetEndOfLifeDate","command",
"OperatingSystemEndOfLifeAdminMonitorTest","commander","testGetOperatingSystemName","command",
"OperatingSystemEndOfLifeAdminMonitorTest","commander","testGetSearchUrl","command",
"OperatingSystemEndOfLifeAdminMonitorTest","commander","testGetUrl","command",
"OperatingSystemEndOfLifeAdminMonitorTest","commander","testIsActivated","command",
"OperatingSystemEndOfLifeAdminMonitorTest","commander","testIsSecurity","command",
"OperatingSystemEndOfLifeAdminMonitorTest","commander","testNotIsActivatedWhenIgnoreEndOfLife","set",
"OperatingSystemEndOfLifeAdminMonitorTest","commander","docsUrl","incidental",
"OperatingSystemEndOfLifeAdminMonitorTest","commander","testReadDocumentationUrls","command collaborator",
"OperatingSystemEndOfLifeAdminMonitorTest","commander","testReadOperatingSystemListEmptySet","command collaborator",
"OperatingSystemEndOfLifeAdminMonitorTest","commander","testReadOperatingSystemListNoEndOfLife","command collaborator",
"OperatingSystemEndOfLifeAdminMonitorTest","commander","testReadOperatingSystemListNoPattern","command collaborator",
"OperatingSystemEndOfLifeAdminMonitorTest","commander","testReadOperatingSystemNames","command collaborator",
"OperatingSystemEndOfLifeAdminMonitorTest","commander","testReadOperatingSystemNameMissingFile","command",
"SortedListTest","commander","testCeil","command",
"SortedListTest","commander","testFloor","command",
"SortedListTest","commander","testLower","command",
"SortedListTest","commander","testHigher","command",
"SortedListTest","commander","testRange","command",
"SortedListTest","commander","remove","command",
"SortedListTest","commander","testClone","command",
"SortedIntListTest","pure-controller degenerate","testLower","controller stateless",
"SortedIntListTest","pure-controller degenerate","ceil","controller stateless",
"SortedIntListTest","pure-controller degenerate","max","controller stateless",
"FakeMap","degenerate small-class","FakeMap","constructor",
"FakeMap","degenerate small-class","getNumberOf","collaborator incidental",
"FakeMap","degenerate small-class","retrieve","factory controller stateless",
"AuthenticationExceptionTest","boundary degenerate small-class","usernameNotFoundException","wrapper stateless",
"AuthenticationExceptionTest","boundary degenerate small-class","dataAccessException","wrapper stateless",
"AbstractLazyLoadRunMapTest","commander","setUp","command",
"AbstractLazyLoadRunMapTest","commander","lookup","command",
"AbstractLazyLoadRunMapTest","commander","lookup2","command",
"AbstractLazyLoadRunMapTest","commander","idempotentLookup","command",
"AbstractLazyLoadRunMapTest","commander","lookupWithBogusKeyType","command collaborator",
"AbstractLazyLoadRunMapTest","commander","firstKey","command",
"AbstractLazyLoadRunMapTest","commander","headMap","command",
"AbstractLazyLoadRunMapTest","commander","lastKey","command",
"AbstractLazyLoadRunMapTest","commander","search","command",
"AbstractLazyLoadRunMapTest","commander","searchExactWhenIndexedButSoftReferenceExpired","command collaborator",
"AbstractLazyLoadRunMapTest","commander","exactSearchShouldNotReload","command collaborator",
"AbstractLazyLoadRunMapTest","commander","unloadableData","command collaborator",
"AbstractLazyLoadRunMapTest","commander","eagerLoading","command collaborator",
"AbstractLazyLoadRunMapTest","commander","fastSubMap","command collaborator",
"AbstractLazyLoadRunMapTest","commander","identity","command",
"AbstractLazyLoadRunMapTest","commander","indexOutOfBounds","controller",
"AbstractLazyLoadRunMapTest","commander","all","command collaborator",
"AbstractLazyLoadRunMapTest","commander","entrySetIterator","command collaborator",
"AbstractLazyLoadRunMapTest","commander","entrySetEmpty","command",
"AbstractLazyLoadRunMapTest","commander","entrySetSize","command",
"AbstractLazyLoadRunMapTest","commander","entrySetChanges","command",
"AbstractLazyLoadRunMapTest","commander","entrySetContains","command collaborator",
"AbstractLazyLoadRunMapTest","commander","toArray","command collaborator",
"AbstractLazyLoadRunMapTest","commander","slowRetrieve","command collaborator",
"Security2424Test","degenerate","doesNotAcceptNameWithTrailingDot_regular","controller stateless",
"Security2424Test","degenerate","doesNotAcceptNameWithTrailingDot_withSpaces","controller stateless",
"Security2424Test","degenerate","doesNotAcceptNameWithTrailingDot_exceptIfEscapeHatchIsSet","wrapper stateless",
"PeepholePermalinkTest","pure-controller degenerate small-class","classLoadingDeadlock","controller stateless",
"JenkinsGetRootUrlTest","commander","setUp","command",
"JenkinsGetRootUrlTest","commander","getConfiguredRootUrl","command",
"JenkinsGetRootUrlTest","commander","getAccessedRootUrl","command",
"JenkinsGetRootUrlTest","commander","preferConfiguredOverAccessed","command",
"JenkinsGetRootUrlTest","commander","doNotInheritProtocolWhenDispatchingRequest","command",
"JenkinsGetRootUrlTest","commander","doNotInheritProtocolWhenDispatchingRequest2","command",
"JenkinsGetRootUrlTest","commander","useForwardedProtoWhenPresent","command",
"JenkinsGetRootUrlTest","commander","useForwardedProtoWithIPv6WhenPresent","command",
"JenkinsGetRootUrlTest","commander","rootUrlFromRequestIs","command",
"JenkinsGetRootUrlTest","commander","rootUrlIs","command",
"JenkinsGetRootUrlTest","commander","configured","command",
"JenkinsGetRootUrlTest","commander","withHeader","controller stateless",
"JenkinsGetRootUrlTest","commander","accessing","command",
"JenkinsGetRootUrlTest","commander","getUrl","factory collaborator stateless",
"JDKNameTest","boundary degenerate","nullIsDefaultName","wrapper stateless",
"JDKNameTest","boundary degenerate","recognizeOldDefaultName","wrapper stateless",
"JDKNameTest","boundary degenerate","recognizeDefaultName","wrapper stateless",
"JDKNameTest","boundary degenerate","othernameNotDefault","wrapper stateless",
"CoreEnvironmentContributorTest","commander","tearDown","command",
"CoreEnvironmentContributorTest","commander","setUp","command",
"CoreEnvironmentContributorTest","commander","buildEnvironmentForJobShouldntUseCurrentComputer","command collaborator",
"ResilientJsonObjectTest","boundary degenerate small-class","databindingShouldIgnoreUnrecognizedJsonProperty","wrapper stateless",
"Junit4TestsRanTest","degenerate small-class","anything","empty",
"GNUCLibraryTest","degenerate","openTest","controller",
"GNUCLibraryTest","degenerate","closeTest","wrapper stateless",
"GNUCLibraryTest","degenerate","fcntlTest","wrapper stateless",
"GNUCLibraryTest","degenerate","renameTest","controller stateless",
"TarArchiverTest","unclassified","permission","controller stateless",
"TarArchiverTest","unclassified","brokenSymlinks","command collaborator",
"TarArchiverTest","unclassified","growingFileTar","command collaborator",
"TextFileTest","commander","head","command",
"TextFileTest","commander","shortHead","command collaborator",
"TextFileTest","commander","tail","command",
"TextFileTest","commander","shortTail","command collaborator",
"TextFileTest","commander","tailShiftJIS","command",
"SecretUtilTest","boundary degenerate","decrypt","wrapper stateless",
"SecretUtilTest","boundary degenerate","decryptJustSpace","wrapper stateless",
"SecretUtilTest","boundary degenerate","decryptWithSpace","wrapper stateless",
"SecretUtilTest","boundary degenerate","decryptWithSpaces","wrapper stateless",
"SecretTest","degenerate","encrypt","controller stateless",
"SecretTest","degenerate","encryptedValuePattern","command",
"SecretTest","degenerate","decrypt","wrapper stateless",
"SecretTest","degenerate","serialization","controller stateless",
"SecretTest","degenerate","testCompatibilityFromString","wrapper stateless",
"SecretTest","degenerate","migrationFromLegacyKeyToConfidentialStore","controller stateless",
"RunListTest","commander boundary","setUpByTimestampRuns","set collaborator",
"RunListTest","commander boundary","byTimestampAllRuns","command collaborator",
"RunListTest","commander boundary","byTimestampFirstRun","command collaborator",
"RunListTest","commander boundary","byTimestampLastRun","command collaborator",
"RobustReflectionConverterTest","controller","robustUnmarshalling","command collaborator",
"RobustReflectionConverterTest","controller","read","controller stateless",
"RobustReflectionConverterTest","controller","ifWorkaroundNeeded","command collaborator",
"RobustReflectionConverterTest","controller","classOwnership","controller stateless",
"RobustReflectionConverterTest","controller","implicitCollection","controller stateless",
"RobustReflectionConverterTest","controller","robustDoesNotSwallowDosException","command collaborator",
"RobustReflectionConverterTest","controller","customConverter_useDefaultXStreamException","command collaborator",
"RobustReflectionConverterTest","controller","customConverter_wrapped_useCriticalXStreamException","command collaborator",
"RobustReflectionConverterTest","controller","preparePayload","factory controller stateless",
"RobustReflectionConverterTest","controller","preparePayloadUsingCustomSet","factory controller stateless",
"RobustMapConverterTest","boundary","dosIsPrevented_customProgrammaticallyTimeout","command collaborator",
"RobustMapConverterTest","boundary","dosIsPrevented_customPropertyTimeout","command collaborator",
"RobustMapConverterTest","boundary","dosIsPrevented_defaultTimeout","command collaborator",
"RobustMapConverterTest","boundary","preparePayload","factory controller stateless",
"ProcessTreeTest","commander boundary small-class","remoting","command collaborator",
"MultipartFormDataParserTest","boundary degenerate small-class","testIsMultipart","wrapper stateless",
"JSONObjectResponseTest","pure-controller degenerate small-class","test","controller stateless",
"IteratorsTest","degenerate","reverseSequence","controller stateless",
"IteratorsTest","degenerate","sequence","controller stateless",
"IteratorsTest","degenerate","wrap","controller stateless",
"IteratorsTest","degenerate","limit","wrapper",
"IteratorsTest","degenerate","skip","controller stateless",
"FormValidationTest","boundary degenerate","testValidateRequired_OK","wrapper stateless",
"FormValidationTest","boundary degenerate","testValidateRequired_Null","wrapper stateless",
"FormValidationTest","boundary degenerate","testValidateRequired_Empty","wrapper stateless",
"FormValidationTest","boundary degenerate","testMessage","wrapper stateless",
"FormValidationTest","boundary degenerate","aggregateZeroValidations","command",
"FormValidationTest","boundary degenerate","aggregateSingleValidations","command collaborator",
"FormValidationTest","boundary degenerate","aggregateSeveralValidations","controller stateless",
"FormValidationTest","boundary degenerate","aggregate","wrapper stateless",
"FormValidationTest","boundary degenerate","formValidationException","controller stateless",
"FormValidationTest","boundary degenerate","testUrlCheck","controller stateless",
"FileChannelWriterTest","commander","setUp","command",
"FileChannelWriterTest","commander","write","command",
"FileChannelWriterTest","commander","flush","command",
"FileChannelWriterTest","commander","close","command",
"FileChannelWriterTest","commander","assertContent","command",
"DirScannerTest","commander boundary small-class","globShouldUseDefaultExcludes","command collaborator",
"DirScannerTest","commander boundary small-class","globShouldIgnoreDefaultExcludesByRequest","command collaborator",
"DescribableListTest","pure-controller degenerate small-class","exceptionDuringUnmarshalling","controller stateless",
"DescribableListTest","pure-controller degenerate small-class","replace","controller stateless",
"CyclicGraphDetectorTest","boundary degenerate","cycle1","wrapper stateless",
"CyclicGraphDetectorTest","boundary degenerate","cycle2","wrapper stateless",
"CyclicGraphDetectorTest","boundary degenerate","cycle3","wrapper stateless",
"ConsistentHashTest","pure-controller degenerate","basic","controller stateless",
"ConsistentHashTest","pure-controller degenerate","unevenDistribution","controller stateless",
"ConsistentHashTest","pure-controller degenerate","removal","controller stateless",
"ConsistentHashTest","pure-controller degenerate","emptyBehavior","controller stateless",
"ConsistentHashTest","pure-controller degenerate","countAllPoints","controller stateless",
"ConsistentHashTest","pure-controller degenerate","defaultReplicationIsOneHundred","controller stateless",
"ConsistentHashTest","pure-controller degenerate","setCustomDefaultReplication","controller stateless",
"ConsistentHashTest","pure-controller degenerate","usesCustomHash","controller stateless",
"ConsistentHashTest","pure-controller degenerate","speed","controller stateless",
"AtomicFileWriterTest","commander","setUp","command",
"AtomicFileWriterTest","commander","tearDown","command",
"AtomicFileWriterTest","commander","symlinkToDirectory","command collaborator",
"AtomicFileWriterTest","commander","createFile","command",
"AtomicFileWriterTest","commander","writeToAtomicFile","command",
"AtomicFileWriterTest","commander","commitToFile","command",
"AtomicFileWriterTest","commander","abortDeletesTmpFile","command",
"AtomicFileWriterTest","commander","indexOutOfBoundsLeavesOriginalUntouched","command",
"AtomicFileWriterTest","commander","badPath","command collaborator",
"AtomicFileWriterTest","commander","checkPermissionsRespectUmask","command collaborator",
"ArgumentListBuilderTest","pure-controller degenerate","assertEmptyMask","controller stateless",
"ArgumentListBuilderTest","pure-controller degenerate","assertLastArgumentIsMasked","controller stateless",
"ArgumentListBuilderTest","pure-controller degenerate","assertSeveralMaskedArguments","controller stateless",
"ArgumentListBuilderTest","pure-controller degenerate","assertPrependAfterAddingMasked","controller stateless",
"ArgumentListBuilderTest","pure-controller degenerate","assertPrependBeforeAddingMasked","controller stateless",
"ArgumentListBuilderTest","pure-controller degenerate","testToWindowsCommand","controller stateless",
"ArgumentListBuilderTest","pure-controller degenerate","testToWindowsCommandMasked","controller stateless",
"ArgumentListBuilderTest","pure-controller degenerate","assertMaskOnClone","controller stateless",
"ArgumentListBuilderTest","pure-controller degenerate","assertKeyValuePairsWithMask","controller",
"ArgumentListBuilderTest","pure-controller degenerate","assertKeyValuePairs","controller",
"ArgumentListBuilderTest","pure-controller degenerate","addKeyValuePairsFromPropertyString","controller stateless",
"ArgumentListBuilderTest","pure-controller degenerate","numberOfBackslashesInPropertiesShouldBePreservedAfterMacroExpansion","controller stateless",
"TimerTriggerTest","degenerate small-class","testNoNPE","wrapper stateless",
"TimerTriggerTest","degenerate small-class","testTimeZoneOffset","controller stateless",
"Maven3MojoNoteTest","commander","testAnnotateMavenPlugin","command",
"Maven3MojoNoteTest","commander","testAnnotateCodehausPlugin","command",
"Maven3MojoNoteTest","commander","testAnnotateOtherPlugin","command",
"Maven3MojoNoteTest","commander","check","command",
"Maven3MojoNoteTest","commander","annotate","controller stateless",
"BuildStepCompatibilityLayerTest","pure-controller degenerate small-class","testPerformExpectAbstractMethodError","controller stateless",
"BuildStepCompatibilityLayerTest","pure-controller degenerate small-class","testPerform","controller stateless",
"OfflineCauseTest","pure-controller degenerate small-class","testChannelTermination_NoStacktrace","controller stateless",
"CloudProvisioningListenerTest","boundary degenerate small-class","noOverride","wrapper stateless",
"CloudProvisioningListenerTest","boundary degenerate small-class","override","wrapper stateless",
"ChannelPingerTest","unclassified","tearDown","command",
"ChannelPingerTest","unclassified","setUp","set",
"ChannelPingerTest","unclassified","preserveSystemProperties","command",
"ChannelPingerTest","unclassified","restoreSystemProperties","command collaborator",
"ChannelPingerTest","unclassified","preserveSystemProperty","command",
"ChannelPingerTest","unclassified","testDefaults","controller",
"ChannelPingerTest","unclassified","testFromSystemProperties","controller",
"ChannelPingerTest","unclassified","testFromOldSystemProperty","controller",
"ChannelPingerTest","unclassified","testNewSystemPropertyTrumpsOld","controller",
"ChannelPingerTest","unclassified","testSetUpRemotePingEquality","controller stateless",
"HudsonPrivateSecurityRealmTest","pure-controller degenerate","timingPBKDF2","controller stateless",
"HudsonPrivateSecurityRealmTest","pure-controller degenerate","timingJBCrypt","controller stateless",
"HudsonPrivateSecurityRealmTest","pure-controller degenerate","testPBKDF2RegExp","controller",
"HudsonPrivateSecurityRealmTest","pure-controller degenerate","testPBKDF2PasswordMatching","controller stateless",
"HudsonPrivateSecurityRealmTest","pure-controller degenerate","passwordPBKDF2WithMissingAgorithm","controller",
"HudsonPrivateSecurityRealmTest","pure-controller degenerate","passwordPBKDF2HashWithInvalidKeySpec","controller",
"HudsonPrivateSecurityRealmTest","pure-controller degenerate","testJBCryptPasswordMatching","controller stateless",
"SearchTest","pure-controller degenerate small-class","findAndSuggest","controller stateless",
"SearchTest","pure-controller degenerate small-class","findClosestSuggestedItem","controller stateless",
"CronTabTest","controller degenerate","test1","stateless",
"CronTabTest","controller degenerate","testCeil1","controller stateless",
"CronTabTest","controller degenerate","testCeil2","controller stateless",
"CronTabTest","controller degenerate","testCeil3","controller stateless",
"CronTabTest","controller degenerate","testCeil3_DoW7","controller stateless",
"CronTabTest","controller degenerate","testCeil4","controller stateless",
"CronTabTest","controller degenerate","testCeil5","controller stateless",
"CronTabTest","controller degenerate","testFloor1","controller stateless",
"CronTabTest","controller degenerate","testFloor2","controller stateless",
"CronTabTest","controller degenerate","testFloor3","controller stateless",
"CronTabTest","controller degenerate","testFloor4","command collaborator",
"CronTabTest","controller degenerate","checkSanity","command",
"CronTabTest","controller degenerate","compare","controller stateless",
"CronTabTest","controller degenerate","testHash1","wrapper stateless",
"CronTabTest","controller degenerate","testHash2","wrapper stateless",
"CronTabTest","controller degenerate","hashedMinute","wrapper stateless",
"CronTabTest","controller degenerate","hashSkips","controller stateless",
"CronTabTest","controller degenerate","repeatedHash","controller stateless",
"CronTabTest","controller degenerate","rangeBoundsCheckOK","stateless",
"CronTabTest","controller degenerate","rangeBoundsCheckFailHour","controller stateless",
"CronTabTest","controller degenerate","rangeBoundsCheckFailMinute","controller stateless",
"CronTabTest","controller degenerate","testTimezone","controller stateless",
"CronTabTest","controller degenerate","testLongMonths","controller stateless",
"CronTabTest","controller degenerate","testCeilLongMonths","controller stateless",
"CronTabDayOfWeekLocaleTest","commander boundary","CronTabDayOfWeekLocaleTest","constructor",
"CronTabDayOfWeekLocaleTest","commander boundary","hudson8656","command collaborator",
"CronTabDayOfWeekLocaleTest","commander boundary","isSundayAndNextRunIsMonday","command collaborator",
"CronTabDayOfWeekLocaleTest","commander boundary","isSundayAndPreviousRunIsMonday","command collaborator",
"CronTabDayOfWeekLocaleTest","commander boundary","isSundayAndNextRunIsTuesday","command collaborator",
"CronTabDayOfWeekLocaleTest","commander boundary","isSundayAndPreviousRunIsTuesday","command collaborator",
"CronTabDayOfWeekLocaleTest","commander boundary","isSundayAndNextRunIsWednesday","command collaborator",
"CronTabDayOfWeekLocaleTest","commander boundary","isSundayAndPreviousRunIsWednesday","command collaborator",
"CronTabDayOfWeekLocaleTest","commander boundary","isSundayAndNextRunIsThursday","command collaborator",
"CronTabDayOfWeekLocaleTest","commander boundary","isSundayAndPreviousRunIsThursday","command collaborator",
"CronTabDayOfWeekLocaleTest","commander boundary","isSundayAndNextRunIsFriday","command collaborator",
"CronTabDayOfWeekLocaleTest","commander boundary","isSundayAndPreviousRunIsFriday","command collaborator",
"CronTabDayOfWeekLocaleTest","commander boundary","isSundayAndNextRunIsSaturday","command collaborator",
"CronTabDayOfWeekLocaleTest","commander boundary","isSundayAndPreviousRunIsSaturday","command collaborator",
"CronTabDayOfWeekLocaleTest","commander boundary","isSundayAndNextRunIsNextSunday","command collaborator",
"CronTabDayOfWeekLocaleTest","commander boundary","isSundayAndPreviousRunIsPreviousSunday","command collaborator",
"CronTabDayOfWeekLocaleTest","commander boundary","isSundayAndNextRunIsNextSunday7","command collaborator",
"CronTabDayOfWeekLocaleTest","commander boundary","isSundayAndPreviousRunIsPreviousSunday7","command collaborator",
"CronTabDayOfWeekLocaleTest","commander boundary","isSaturdayAndNextRunIsSundayAsterisk","command collaborator",
"CronTabDayOfWeekLocaleTest","commander boundary","isSundayAndPreviousRunIsSaturdayAsterisk","command collaborator",
"CronTabDayOfWeekLocaleTest","commander boundary","compare","controller",
"WindowsUtilTest","boundary degenerate","testQuoteArgument","wrapper stateless",
"WindowsUtilTest","boundary degenerate","testQuoteArgument_OnlyQuotesWhenNecessary","wrapper stateless",
"WindowsUtilTest","boundary degenerate","testQuoteArgumentForCmd","wrapper stateless",
"WindowsUtilTest","boundary degenerate","testQuoteArgumentForCmd_OnlyQuotesWhenNecessary","wrapper stateless",
"AbstractQueueTaskTest","pure-controller degenerate small-class","causeOfBlockageOverrides","controller stateless",
"ZipArchiverTest","commander boundary small-class","backwardsSlashesOnWindows","command collaborator",
"ZipArchiverTest","commander boundary small-class","huge64bitFile","command collaborator",
"ViewTest","controller degenerate","testAddDisplayNamesToSearchIndex","controller stateless",
"ViewTest","controller degenerate","getAllItems","command collaborator",
"ViewTest","controller degenerate","getAllViewsRecursively","controller stateless",
"ViewTest","controller degenerate","createJob","controller stateless",
"UserTest","commander","blankIdsOrFullNamesShouldNotBeAllowed","wrapper stateless",
"UserTest","commander","shouldNotAllowIllegalRestrictedNamesInWrongCase","command",
"UserTest","commander","shouldNotAllowIllegalRestrictedNamesEvenIfTrimmed","command",
"UserTest","commander","assertIdOrFullNameNotAllowed","wrapper stateless",
"UserIdMigratorTest","unclassified","needsMigrationBasic","command collaborator",
"UserIdMigratorTest","unclassified","needsMigrationFalse","command collaborator",
"UserIdMigratorTest","unclassified","needsMigrationNoneExisting","command collaborator",
"UserIdMigratorTest","unclassified","needsMigrationNoUserConfigFiles","command collaborator",
"UserIdMigratorTest","unclassified","scanExistingUsersNone","controller",
"UserIdMigratorTest","unclassified","scanExistingUsersNoUsersDirectory","command collaborator",
"UserIdMigratorTest","unclassified","scanExistingUsersBasic","command collaborator",
"UserIdMigratorTest","unclassified","scanExistingUsersLegacy","command collaborator",
"UserIdMigratorTest","unclassified","scanExistingUsersOldLegacy","command collaborator",
"UserIdMigratorTest","unclassified","emptyUsernameConfigScanned","command collaborator",
"UserIdMigratorTest","unclassified","scanExistingUsersCaseSensitive","controller",
"UserIdMigratorTest","unclassified","migrateSimpleUser","controller",
"UserIdMigratorTest","unclassified","migrateMultipleUsers","controller",
"UserIdMigratorTest","unclassified","migrateUsersXml","controller",
"UserIdMigratorTest","unclassified","migrateEntireDirectory","controller",
"UserIdMigratorTest","unclassified","createUserIdMigrator","property factory wrapper",
"UserIdMapperTest","commander boundary","testNonexistentFileLoads","command collaborator",
"UserIdMapperTest","commander boundary","testEmptyGet","command collaborator",
"UserIdMapperTest","commander boundary","testSimplePutGet","command collaborator",
"UserIdMapperTest","commander boundary","testMultiple","command collaborator",
"UserIdMapperTest","commander boundary","testMultipleSaved","controller",
"UserIdMapperTest","commander boundary","testRepeatPut","command collaborator",
"UserIdMapperTest","commander boundary","testIsNotMapped","command collaborator",
"UserIdMapperTest","commander boundary","testIsMapped","command collaborator",
"UserIdMapperTest","commander boundary","testInitialUserIds","command collaborator",
"UserIdMapperTest","commander boundary","testSingleUserIds","command collaborator",
"UserIdMapperTest","commander boundary","testMultipleUserIds","command collaborator",
"UserIdMapperTest","commander boundary","testRemove","command collaborator",
"UserIdMapperTest","commander boundary","testRemoveAfterSave","controller",
"UserIdMapperTest","commander boundary","testPutGetCaseInsensitive","command collaborator",
"UserIdMapperTest","commander boundary","testPutGetCaseSensitive","command collaborator",
"UserIdMapperTest","commander boundary","testIsMappedCaseInsensitive","command collaborator",
"UserIdMapperTest","commander boundary","testIsMappedCaseSensitive","command collaborator",
"UserIdMapperTest","commander boundary","testRemoveCaseInsensitive","command collaborator",
"UserIdMapperTest","commander boundary","testRemoveCaseSensitive","command collaborator",
"UserIdMapperTest","commander boundary","testRepeatRemove","command collaborator",
"UserIdMapperTest","commander boundary","testClear","command collaborator",
"UserIdMapperTest","commander boundary","testReload","command collaborator",
"UserIdMapperTest","commander boundary","testDirectoryFormatBasic","command collaborator",
"UserIdMapperTest","commander boundary","testDirectoryFormatLongerUserId","command collaborator",
"UserIdMapperTest","commander boundary","testDirectoryFormatAllSuppressedCharacters","command collaborator",
"UserIdMapperTest","commander boundary","testDirectoryFormatSingleCharacter","command collaborator",
"UserIdMapperTest","commander boundary","testDirectoryFormatMixed","command collaborator",
"UserIdMapperTest","commander boundary","testXmlFileCorrupted","command",
"UserIdMapperTest","commander boundary","testDuplicatedUserId","command collaborator",
"UserIdMapperTest","commander boundary","createUserIdMapper","factory controller",
"TimeSeriesTest","pure-controller degenerate small-class","test1","controller stateless",
"TestUserIdMapper","data-provider boundary data-class small-class","TestUserIdMapper","constructor",
"TestUserIdMapper","data-provider boundary data-class small-class","getUsersDirectory","get collaborator",
"TestUserIdMapper","data-provider boundary data-class small-class","getIdStrategy","get collaborator",
"StubJob","degenerate","StubJob","constructor",
"StubJob","degenerate","isBuildable","incidental",
"StubJob","degenerate","_getRuns","incidental",
"StubJob","degenerate","removeRun","empty",
"StubJob","degenerate","getBuildDir","factory wrapper stateless",
"StubJob","degenerate","save","empty",
"StubJob","degenerate","getParent","collaborator incidental",
"RunTest","degenerate","timezoneOfID","controller stateless",
"RunTest","degenerate","createArtifactList","controller stateless",
"RunTest","degenerate","artifactListDisambiguation1","controller stateless",
"RunTest","degenerate","artifactListDisambiguation2","controller stateless",
"RunTest","degenerate","artifactListDisambiguation3","controller stateless",
"RunTest","degenerate","getDurationString","controller stateless",
"RunTest","degenerate","getLogReturnsAnEmptyListWhenCalledWith0","command",
"RunTest","degenerate","getLogReturnsAnRightOrder","command",
"RunTest","degenerate","getLogReturnsAllLines","command",
"RunTest","degenerate","compareRunsFromSameJobWithDifferentNumbers","controller stateless",
"RunTest","degenerate","compareRunsFromDifferentParentsWithSameNumber","controller stateless",
"RunTest","degenerate","willTriggerLogToStartWithNextFullLine","command",
"RunTest","degenerate","wontPushOffsetOnRenderingFromBeginning","wrapper",
"RunTest","degenerate","willRenderNothingIfOffsetSetOnLastLine","command",
"RunTest","degenerate","assertWriteLogToEquals","controller stateless",
"ResourceListTest","commander","setUp","command",
"ResourceListTest","commander","emptyLists","command collaborator",
"ResourceListTest","commander","simpleR","command",
"ResourceListTest","commander","simpleRW","command",
"ResourceListTest","commander","simpleW","command collaborator",
"ResourceListTest","commander","parentChildR","command",
"ResourceListTest","commander","parentChildW","command",
"ResourceListTest","commander","parentChildR3","command",
"ResourceListTest","commander","parentChildW3","command collaborator",
"ResourceListTest","commander","multiWrite1","command",
"ResourceListTest","commander","multiWriteN","command",
"ResourceListTest","commander","multiRead1","command",
"ResourceListTest","commander","multiReadN","command",
"ParametersActionTest","commander boundary","setUp","command collaborator",
"ParametersActionTest","commander boundary","mergeShouldOverrideParameters","command collaborator",
"ParametersActionTest","commander boundary","mergeShouldCombineDisparateParameters","command collaborator",
"ParametersActionTest","commander boundary","mergeShouldHandleEmptyOverrides","command collaborator",
"ParametersActionTest","commander boundary","mergeShouldHandleNullOverrides","command collaborator",
"ParametersActionTest","commander boundary","mergeShouldReturnNewInstanceWithOverride","command collaborator",
"ParametersActionTest","commander boundary","createUpdatedShouldReturnNewInstanceWithNullOverride","command collaborator",
"ParametersActionTest","commander boundary","checkNullParameterValues","controller stateless",
"MockItem","degenerate","MockItem","constructor",
"MockItem","degenerate","MockItem","constructor",
"MockItem","degenerate","MockItem","constructor",
"MockItem","degenerate","getCauseOfBlockage","collaborator incidental",
"MockItem","degenerate","enter","empty",
"MockItem","degenerate","leave","incidental",
"ItemsTest","unclassified","getCanonicalName","controller",
"ItemsTest","unclassified","computeRelativeNamesAfterRenaming","wrapper",
"ItemsTest","unclassified","getRelativeNameFrom","wrapper stateless",
"EnvironmentContributingActionTest","pure-controller","testOverrideRunMethodAndCallNewMethod","controller",
"EnvironmentContributingActionTest","pure-controller","testOverrideRunMethodAndCallDeprecatedMethod","controller",
"EnvironmentContributingActionTest","pure-controller","testOverrideAbstractBuildAndCallNewMethodWithAbstractBuild","controller",
"EnvironmentContributingActionTest","pure-controller","testOverrideAbstractBuildAndCallNewMethodWithRun","controller",
"EnvironmentContributingActionTest","pure-controller","testOverrideAbstractBuildAndCallDeprecatedMethod","controller",
"EnvironmentContributingActionTest","pure-controller","testOverrideBothAndCallNewMethod","controller",
"EnvironmentContributingActionTest","pure-controller","testOverrideBothAndCallDeprecatedMethod","controller",
"DisplayNameListenerTest","pure-controller degenerate","testOnCopied","controller stateless",
"DisplayNameListenerTest","pure-controller degenerate","testOnRenamedOldNameEqualsDisplayName","controller stateless",
"DisplayNameListenerTest","pure-controller degenerate","testOnRenamedOldNameNotEqualDisplayName","controller stateless",
"ComputerTest","degenerate","testRelocate","controller stateless",
"ComputerTest","degenerate","testThreadPoolForRemotingActsAsSystemUser","controller stateless",
"ComputerTest","degenerate","testThreadPoolForRemotingContextClassLoaderIsSet","wrapper stateless",
"ChoiceParameterDefinitionTest","degenerate","shouldValidateChoices","wrapper stateless",
"ChoiceParameterDefinitionTest","degenerate","testCheckChoices","controller stateless",
"ChoiceParameterDefinitionTest","degenerate","testNullDefaultParameter","controller stateless",
"ChoiceParameterDefinitionTest","degenerate","createNullChoice","command",
"ChoiceParameterDefinitionTest","degenerate","checkValue_Null","command",
"ChoiceParameterDefinitionTest","degenerate","createBlankChoice","command",
"ChoiceParameterDefinitionTest","degenerate","checkValue_Blank","command",
"ChoiceParameterDefinitionTest","degenerate","createEmptyChoice","command",
"ChoiceParameterDefinitionTest","degenerate","checkValue_Empty","command",
"ChoiceParameterDefinitionTest","degenerate","checkValue_Single","command",
"ChoiceParameterDefinitionTest","degenerate","checkValue_Multiple","controller stateless",
"ChoiceParameterDefinitionTest","degenerate","checkValue_Invalid","controller stateless",
"ChoiceParameterDefinitionTest","degenerate","checkValue_WrongValueType","controller stateless",
"ChoiceParameterDefinitionTest","degenerate","createValue_Invalid","controller stateless",
"ChoiceParameterDefinitionTest","degenerate","assertCreation","controller stateless",
"ChoiceParameterDefinitionTest","degenerate","assertCheckValue","controller stateless",
"ActionableTest","commander","replaceAction","command collaborator",
"ActionableTest","commander","testExtensionOverrides","controller stateless",
"ActionableTest","commander","addOrReplaceAction","command collaborator",
"ActionableTest","commander","replaceActions","command collaborator",
"ActionableTest","commander","removeAction","command collaborator",
"ActionableTest","commander","removeActions","command collaborator",
"ActionableTest","commander","addAction","command collaborator",
"ActionableTest","commander","addAction_null","command",
"ActionableTest","commander","replaceAction_null","command",
"ActionableTest","commander","replaceActions_null","command",
"ActionableTest","commander","replaceActions_null_null","command",
"ActionableTest","commander","addOrReplaceAction_null","command",
"ActionableTest","commander","removeAction_null","command",
"ActionableTest","commander","removeActions_null","command",
"ViewOptionHandlerTest","commander boundary","tearDown","command",
"ViewOptionHandlerTest","commander boundary","setUp","command",
"ViewOptionHandlerTest","commander boundary","resolveTopLevelView","command collaborator",
"ViewOptionHandlerTest","commander boundary","mockJenkins","controller",
"ViewOptionHandlerTest","commander boundary","resolveNestedView","command collaborator",
"ViewOptionHandlerTest","commander boundary","resolveOuterView","command collaborator",
"ViewOptionHandlerTest","commander boundary","ignoreLeadingAndTrailingSlashes","command collaborator",
"ViewOptionHandlerTest","commander boundary","reportNonexistentTopLevelView","command collaborator",
"ViewOptionHandlerTest","commander boundary","reportNonexistentNestedView","command collaborator",
"ViewOptionHandlerTest","commander boundary","reportNonexistentInnerView","command collaborator",
"ViewOptionHandlerTest","commander boundary","reportTraversingViewThatIsNotAViewGroup","command collaborator",
"ViewOptionHandlerTest","commander boundary","reportEmptyViewNameRequestAsNull","command collaborator",
"ViewOptionHandlerTest","commander boundary","reportViewSpaceNameRequestAsIAE","command collaborator",
"ViewOptionHandlerTest","commander boundary","reportNullViewAsNPE","command collaborator",
"ViewOptionHandlerTest","commander boundary","refuseToReadOuterView","command collaborator",
"ViewOptionHandlerTest","commander boundary","refuseToReadNestedView","command collaborator",
"ViewOptionHandlerTest","commander boundary","refuseToReadInnerView","command collaborator",
"ViewOptionHandlerTest","commander boundary","denyAccessOn","controller stateless",
"ViewOptionHandlerTest","commander boundary","parse","void-accessor command",
"ListJobsCommandTest","boundary","setUp","command",
"ListJobsCommandTest","boundary","failForNonexistentName","command collaborator",
"ListJobsCommandTest","boundary","getAllJobsForEmptyName","command collaborator",
"ListJobsCommandTest","boundary","getJobsFromView","command collaborator",
"ListJobsCommandTest","boundary","getJobsRecursivelyFromViewGroup","command collaborator",
"ListJobsCommandTest","boundary","view","controller stateless",
"ListJobsCommandTest","boundary","job","controller stateless",
"ListJobsCommandTest","boundary","runWith","property set",
"ListJobsCommandTest","boundary","empty","property non-void-command factory collaborator",
"ListJobsCommandTest","boundary","listsJobs","property non-void-command factory collaborator",
"UtilTest","boundary degenerate","testReplaceMacro","controller stateless",
"UtilTest","boundary degenerate","testTimeSpanString","wrapper stateless",
"UtilTest","boundary degenerate","testEncodeSpaces","wrapper stateless",
"UtilTest","boundary degenerate","testRawEncode","wrapper stateless",
"UtilTest","boundary degenerate","testFullEncode","wrapper stateless",
"UtilTest","boundary degenerate","testTryParseNumber","wrapper stateless",
"UtilTest","boundary degenerate","testSymlink","command collaborator",
"UtilTest","boundary degenerate","testIsSymlink","command collaborator",
"UtilTest","boundary degenerate","testIsSymlink_onWindows_junction","command collaborator",
"UtilTest","boundary degenerate","testIsSymlink_ParentIsJunction","command collaborator",
"UtilTest","boundary degenerate","testIsSymlink_ParentIsSymlink","command collaborator",
"UtilTest","boundary degenerate","testHtmlEscape","wrapper stateless",
"UtilTest","boundary degenerate","testDigestThreadSafety","controller stateless",
"UtilTest","boundary degenerate","testIsAbsoluteUri","wrapper stateless",
"UtilTest","boundary degenerate","testIsSafeToRedirectTo","wrapper stateless",
"UtilTest","boundary degenerate","loadFile","wrapper stateless",
"UtilTest","boundary degenerate","loadProperties","controller stateless",
"UtilTest","boundary degenerate","isRelativePathUnix","wrapper stateless",
"UtilTest","boundary degenerate","isRelativePathWindows","wrapper stateless",
"UtilTest","boundary degenerate","testIsDescendant","controller stateless",
"UtilTest","boundary degenerate","testModeToPermissions","controller stateless",
"UtilTest","boundary degenerate","testPermissionsToMode","wrapper stateless",
"UtilTest","boundary degenerate","testDifferenceDays","command collaborator",
"UtilTest","boundary degenerate","parseDate","factory wrapper stateless",
"UtilTest","boundary degenerate","resolveSymlinkToFile","command collaborator",
"UtilTest","boundary degenerate","createDirectories","command collaborator",
"UtilTest","boundary degenerate","createDirectoriesInRoot","controller stateless",
"UtilTest","boundary degenerate","ifOverriddenSuccess","wrapper stateless",
"UtilTest","boundary degenerate","ifOverriddenFailure","controller stateless",
"UtilTest","boundary degenerate","testGetHexOfSHA256DigestOf","wrapper stateless",
"UtilTest","boundary degenerate","testGetSHA256DigestOf","wrapper stateless",
"ProxyConfigurationTest","boundary degenerate small-class","noProxyHost","wrapper stateless",
"PluginManagerTest","boundary","parseRequestedPlugins","command collaborator",
"PluginManagerTest","boundary","parseInvalidRequestedPlugins","controller stateless",
"PluginManagerTest","boundary","shouldProperlyParseManifestFromJar","command collaborator",
"PluginManagerTest","boundary","shouldProperlyRetrieveModificationDate","command collaborator",
"PluginManagerTest","boundary","updateSiteURLCheckValidation","command collaborator",
"PluginManagerTest","boundary","createHpiWithManifest","non-void-command factory collaborator",
"PluginManagerTest","boundary","toManifestUrl","factory controller stateless",
"LauncherTest","unclassified","remoteKill","command",
"LauncherTest","unclassified","decorateByEnv","command",
"LauncherTest","unclassified","decoratedByEnvMaintainsIsUnix","controller stateless",
"LauncherTest","unclassified","decoratedByPrefixMaintainsIsUnix","controller stateless",
"GetLocaleStaticHelpUrlTest","commander boundary","getStaticHelpUrlAcceptEnResDefault","command collaborator",
"GetLocaleStaticHelpUrlTest","commander boundary","getStaticHelpUrlAcceptDeResDeNoCountry","command collaborator",
"GetLocaleStaticHelpUrlTest","commander boundary","getStaticHelpUrlAcceptDeResDeCountry","command collaborator",
"GetLocaleStaticHelpUrlTest","commander boundary","getStaticHelpUrlAcceptDeResBoth","command collaborator",
"GetLocaleStaticHelpUrlTest","commander boundary","getStaticHelpUrlAcceptZhResDefault","command collaborator",
"GetLocaleStaticHelpUrlTest","commander boundary","getStaticHelpUrlAcceptZhResZhCountry","command collaborator",
"GetLocaleStaticHelpUrlTest","commander boundary","getStaticHelpUrlAcceptZhResBoth","command collaborator",
"GetLocaleStaticHelpUrlTest","commander boundary","getStaticHelpUrlAcceptZhResMore","command collaborator",
"GetLocaleStaticHelpUrlTest","commander boundary","getStaticHelpUrlAcceptEnFirst","command collaborator",
"GetLocaleStaticHelpUrlTest","commander boundary","mockStaplerRequest","controller stateless",
"GetLocaleStaticHelpUrlTest","commander boundary","mockKlass","property non-void-command collaborator",
"GetLocaleStaticHelpUrlTest","commander boundary","getUrl","factory collaborator stateless",
"GetLocaleStaticHelpUrlTest","commander boundary","assertThatLocaleResourceIs","controller stateless",
"FunctionsTest","boundary degenerate","testGetActionUrl_absoluteUriWithAuthority","wrapper stateless",
"FunctionsTest","boundary degenerate","testGetActionUrl_absoluteUriWithoutAuthority","wrapper stateless",
"FunctionsTest","boundary degenerate","testGetActionUrl_absolutePath","wrapper stateless",
"FunctionsTest","boundary degenerate","testGetActionUrl_relativePath","wrapper stateless",
"FunctionsTest","boundary degenerate","testGetRelativeLinkTo_JobContainedInView","command",
"FunctionsTest","boundary degenerate","testGetRelativeLinkTo_JobFromComputer","command",
"FunctionsTest","boundary degenerate","testGetRelativeLinkTo_JobNotContainedInView","command",
"FunctionsTest","boundary degenerate","testGetRelativeLinkTo_JobContainedInViewWithinItemGroup","command",
"FunctionsTest","boundary degenerate","getRelativeLinkTo_MavenModules","command collaborator",
"FunctionsTest","boundary degenerate","testGetRelativeDisplayName","controller stateless",
"FunctionsTest","boundary degenerate","testGetRelativeDisplayNameInsideItemGroup","controller stateless",
"FunctionsTest","boundary degenerate","createMockAncestors","controller stateless",
"FunctionsTest","boundary degenerate","createMockItem","property non-void-command collaborator",
"FunctionsTest","boundary degenerate","createMockItem","controller stateless",
"FunctionsTest","boundary degenerate","createMockJenkins","controller stateless",
"FunctionsTest","boundary degenerate","testGetActionUrl_unparseable","wrapper stateless",
"FunctionsTest","boundary degenerate","testHumanReadableFileSize","wrapper stateless",
"FunctionsTest","boundary degenerate","testBreakableString","command",
"FunctionsTest","boundary degenerate","assertBrokenAs","wrapper stateless",
"FunctionsTest","boundary degenerate","printLogRecordHtml","controller stateless",
"FunctionsTest","boundary degenerate","printLogRecordHtmlNoLogger","wrapper stateless",
"FunctionsTest","boundary degenerate","extractPluginNameFromIconSrcHandlesNull","wrapper stateless",
"FunctionsTest","boundary degenerate","extractPluginNameFromIconSrcHandlesEmptyString","wrapper stateless",
"FunctionsTest","boundary degenerate","extractPluginNameFromIconSrcOnlyReturnsPluginFromStart","wrapper stateless",
"FunctionsTest","boundary degenerate","extractPluginNameFromIconSrcExtractsPlugin","wrapper stateless",
"FunctionsTest","boundary degenerate","extractPluginNameFromIconSrcWhichContainsPluginWordInThePluginName","wrapper stateless",
"FunctionsTest","boundary degenerate","printThrowable","controller stateless",
"FunctionsTest","boundary degenerate","tryGetIcon_shouldReturnNullForNull","wrapper stateless",
"FunctionsTest","boundary degenerate","tryGetIcon_shouldReturnNullForSymbol","wrapper stateless",
"FunctionsTest","boundary degenerate","tryGetIcon_shouldReturnMetadataForExactSpec","wrapper stateless",
"FunctionsTest","boundary degenerate","tryGetIcon_shouldReturnMetadataForExtraSpec","wrapper stateless",
"FunctionsTest","boundary degenerate","tryGetIcon_shouldReturnMetadataForFilename","wrapper stateless",
"FunctionsTest","boundary degenerate","tryGetIcon_shouldReturnMetadataForUrl","wrapper stateless",
"FunctionsTest","boundary degenerate","tryGetIcon_shouldReturnNullForUnknown","wrapper stateless",
"FunctionsTest","boundary degenerate","guessIcon","wrapper stateless",
"FilePathTest","commander boundary","copyTo","command collaborator",
"FilePathTest","commander boundary","noFileLeakInCopyTo","command collaborator",
"FilePathTest","commander boundary","noRaceConditionInCopyTo","command collaborator",
"FilePathTest","commander boundary","givenSomeContentInFile","controller stateless",
"FilePathTest","commander boundary","whenFileIsCopied100TimesConcurrently","property controller",
"FilePathTest","commander boundary","repeatCopyRecursiveTo","command collaborator",
"FilePathTest","commander boundary","errorMessageInRemoteCopyRecursive","command collaborator",
"FilePathTest","commander boundary","archiveBug","command collaborator",
"FilePathTest","commander boundary","normalization","command",
"FilePathTest","commander boundary","compare","wrapper stateless",
"FilePathTest","commander boundary","getParent","controller stateless",
"FilePathTest","commander boundary","createFilePath","factory wrapper stateless",
"FilePathTest","commander boundary","compressTarUntarRoundTrip","command",
"FilePathTest","commander boundary","archiveBigFile","command",
"FilePathTest","commander boundary","checkTarUntarRoundTrip","command collaborator",
"FilePathTest","commander boundary","list","command collaborator",
"FilePathTest","commander boundary","listWithExcludes","command collaborator",
"FilePathTest","commander boundary","listWithDefaultExcludes","command collaborator",
"FilePathTest","commander boundary","isUnix","controller stateless",
"FilePathTest","commander boundary","copyToWithPermission","command",
"FilePathTest","commander boundary","symlinkInTar","command collaborator",
"FilePathTest","commander boundary","multiSegmentRelativePaths","wrapper stateless",
"FilePathTest","commander boundary","validateAntFileMask","command collaborator",
"FilePathTest","commander boundary","validateAntFileMaskBounded","command collaborator",
"FilePathTest","commander boundary","testValidateCaseSensitivity","controller",
"FilePathTest","commander boundary","deleteLongPathOnWindows","command collaborator",
"FilePathTest","commander boundary","installIfNecessaryAvoidsExcessiveDownloadsByUsingIfModifiedSince","command collaborator",
"FilePathTest","commander boundary","installIfNecessaryPerformsInstallation","command collaborator",
"FilePathTest","commander boundary","installIfNecessarySkipsDownloadWhenErroneous","command",
"FilePathTest","commander boundary","installIfNecessaryFollowsRedirects","command",
"FilePathTest","commander boundary","installIfNecessaryWithoutLastModifiedStrongValidator","command",
"FilePathTest","commander boundary","installIfNecessaryWithoutLastModifiedStrongValidatorNoQuotes","command",
"FilePathTest","commander boundary","installIfNecessaryWithoutLastModifiedWeakValidator","command",
"FilePathTest","commander boundary","installIfNecessaryWithoutLastModifiedStrongAndWeakValidators","command",
"FilePathTest","commander boundary","installIfNecessaryWithoutLastModifiedWeakAndStrongValidators","command",
"FilePathTest","commander boundary","installIfNecessaryWithoutLastModified","command",
"FilePathTest","commander boundary","installIfNecessaryWithoutLastModified","command collaborator",
"FilePathTest","commander boundary","someUrlToZipFile","factory collaborator stateless",
"FilePathTest","commander boundary","someZippedContent","factory controller stateless",
"FilePathTest","commander boundary","moveAllChildrenTo","command collaborator",
"FilePathTest","commander boundary","testEOFbrokenFlush","command collaborator",
"FilePathTest","commander boundary","chmod","command",
"FilePathTest","commander boundary","chmodInvalidPermissions","command collaborator",
"FilePathTest","commander boundary","chmodAndMode","controller stateless",
"FilePathTest","commander boundary","testCreateTempDir","command collaborator",
"FilePathTest","commander boundary","deleteRecursiveOnUnix","command collaborator",
"FilePathTest","commander boundary","deleteSuffixesRecursive","command collaborator",
"FilePathTest","commander boundary","deleteRecursiveOnWindows","command collaborator",
"FilePathTest","commander boundary","copyRecursivePreservesPosixFilePermissions","command collaborator",
"FilePathTest","commander boundary","copyRecursivePreservesLastModifiedTime","command collaborator",
"FilePathTest","commander boundary","isDescendant_regularFiles","command collaborator",
"FilePathTest","commander boundary","isDescendant_regularSymlinks","command collaborator",
"FilePathTest","commander boundary","isDescendant_windowsSpecificSymlinks","command collaborator",
"FilePathTest","commander boundary","createJunction","controller stateless",
"FilePathTest","commander boundary","isDescendant_throwIfParentDoesNotExist_symlink","command collaborator",
"FilePathTest","commander boundary","isDescendant_throwIfParentDoesNotExist_directNonexistent","command collaborator",
"FilePathTest","commander boundary","isDescendant_throwIfAbsolutePathGiven","command collaborator",
"FilePathTest","commander boundary","isDescendant_worksEvenInSymbolicWorkspace","command collaborator",
"EnvVarsTest","pure-controller degenerate","caseInsensitive","controller stateless",
"EnvVarsTest","pure-controller degenerate","overrideExpandingAll","controller stateless",
"EnvVarsTest","pure-controller degenerate","overrideOrderCalculatorSimple","controller stateless",
"EnvVarsTest","pure-controller degenerate","overrideOrderCalculatorInOrder","controller stateless",
"EnvVarsTest","pure-controller degenerate","overrideOrderCalculatorMultiple","controller stateless",
"EnvVarsTest","pure-controller degenerate","overrideOrderCalculatorSelfReference","controller stateless",
"EnvVarsTest","pure-controller degenerate","overrideOrderCalculatorCyclic","controller stateless",
"EnvVarsTest","pure-controller degenerate","putIfNotNull","controller stateless",
"EnvVarsTest","pure-controller degenerate","putAllNonNull","controller stateless",
"ClassicPluginStrategyTest","small-class","test_getDetachedPlugins","command collaborator",
"ClassicPluginStrategyTest","small-class","findPlugin","controller stateless",
"BulkChangeTest","pure-controller degenerate","noBulkChange","controller stateless",
"BulkChangeTest","pure-controller degenerate","bulkChange","controller stateless",
"BulkChangeTest","pure-controller degenerate","nestedBulkChange","controller stateless",
"DataRetrievalFailureException","empty","DataRetrievalFailureException","constructor",
"DataRetrievalFailureException","empty","DataRetrievalFailureException","constructor",
"SymbolRequest","data-provider data-class","getName","get",
"SymbolRequest","data-provider data-class","getTitle","get",
"SymbolRequest","data-provider data-class","getTooltip","get",
"SymbolRequest","data-provider data-class","getHtmlTooltip","get",
"SymbolRequest","data-provider data-class","getClasses","get",
"SymbolRequest","data-provider data-class","getPluginName","get",
"SymbolRequest","data-provider data-class","getId","get",
"SymbolRequest","data-provider data-class","SymbolRequest","constructor",
"Symbol","empty","Symbol","constructor",
"WeatherIcon","empty","Status","constructor",
"WeatherIcon","empty","WeatherIcon","constructor",
"IconSet","entity boundary","IconSet","constructor",
"IconSet","entity boundary","getCoreIcons","get collaborator",
"IconSet","entity boundary","addIcon","get non-void-command collaborator",
"IconSet","entity boundary","getIconByNormalizedCSSSelector","property non-void-command collaborator",
"IconSet","entity boundary","getIconByNormalizedCSSSelector","property non-void-command collaborator",
"IconSet","entity boundary","getIconByClassSpec","property non-void-command collaborator",
"IconSet","entity boundary","getIconByClassSpec","property non-void-command collaborator",
"IconSet","entity boundary","getIconByUrl","property non-void-command collaborator",
"IconSet","entity boundary","getIconByUrl","property non-void-command collaborator",
"BuildStatusIcon","unclassified","BuildStatusIcon","constructor",
"BuildStatusIcon","unclassified","BuildStatusIcon","constructor",
"BuildStatusIcon","unclassified","isSvgSprite","predicate non-void-command",
"BuildStatusIcon","unclassified","isBuildStatus","incidental",
"BuildStatusIcon","unclassified","isInProgress","get",
"FieldUtils","empty","FieldUtils","constructor",
"UsernameNotFoundException","factory controller small-class","UsernameNotFoundException","constructor",
"UsernameNotFoundException","factory controller small-class","UsernameNotFoundException","constructor",
"UsernameNotFoundException","factory controller small-class","UsernameNotFoundException","constructor",
"UsernameNotFoundException","factory controller small-class","toSpring","property factory wrapper",
"UserDetailsService","small-class","toSpring","property non-void-command",
"UserDetails","factory controller small-class","toSpring","property factory",
"TokenBasedRememberMeServices","empty","TokenBasedRememberMeServices","constructor",
"RememberMeServices","factory controller small-class","toSpring","property factory",
"WebAuthenticationDetails","empty","WebAuthenticationDetails","constructor",
"SecurityContextImpl","boundary data-class small-class","getAuthentication","get collaborator",
"SecurityContextImpl","boundary data-class small-class","setAuthentication","set collaborator",
"SecurityContext","factory controller small-class","toSpring","property factory",
"PrincipalSid","data-provider","PrincipalSid","constructor",
"PrincipalSid","data-provider","PrincipalSid","constructor",
"PrincipalSid","data-provider","PrincipalSid","constructor",
"PrincipalSid","data-provider","getPrincipal","get",
"PrincipalSid","data-provider","equals","predicate wrapper",
"PrincipalSid","data-provider","hashCode","property non-void-command",
"PrincipalSid","data-provider","toString","get",
"InsufficientAuthenticationException","factory controller small-class","InsufficientAuthenticationException","constructor",
"InsufficientAuthenticationException","factory controller small-class","InsufficientAuthenticationException","constructor",
"InsufficientAuthenticationException","factory controller small-class","toSpring","property factory wrapper",
"GrantedAuthorityImpl","unclassified","GrantedAuthorityImpl","constructor",
"GrantedAuthorityImpl","unclassified","getAuthority","get",
"GrantedAuthorityImpl","unclassified","toString","get",
"GrantedAuthorityImpl","unclassified","equals","predicate non-void-command collaborator",
"GrantedAuthorityImpl","unclassified","hashCode","property non-void-command",
"CredentialsExpiredException","factory controller small-class","CredentialsExpiredException","constructor",
"CredentialsExpiredException","factory controller small-class","CredentialsExpiredException","constructor",
"CredentialsExpiredException","factory controller small-class","CredentialsExpiredException","constructor",
"CredentialsExpiredException","factory controller small-class","toSpring","property factory wrapper",
"AuthenticationSpringImpl","unclassified","AuthenticationSpringImpl","constructor",
"AuthenticationSpringImpl","unclassified","getAuthorities","property non-void-command collaborator",
"AuthenticationSpringImpl","unclassified","getCredentials","property non-void-command collaborator",
"AuthenticationSpringImpl","unclassified","getDetails","property non-void-command collaborator",
"AuthenticationSpringImpl","unclassified","getPrincipal","property non-void-command collaborator",
"AuthenticationSpringImpl","unclassified","isAuthenticated","predicate non-void-command",
"AuthenticationSpringImpl","unclassified","setAuthenticated","command",
"AuthenticationSpringImpl","unclassified","getName","property non-void-command",
"AuthenticationSpringImpl","unclassified","equals","predicate non-void-command collaborator",
"AuthenticationSpringImpl","unclassified","hashCode","property non-void-command",
"AuthenticationSpringImpl","unclassified","toString","property non-void-command",
"AuthenticationServiceException","factory controller small-class","AuthenticationServiceException","constructor",
"AuthenticationServiceException","factory controller small-class","AuthenticationServiceException","constructor",
"AuthenticationServiceException","factory controller small-class","toSpring","property factory wrapper",
"AuthenticationManager","small-class","toSpring","property non-void-command",
"AuthenticationException","boundary","AuthenticationException","constructor",
"AuthenticationException","boundary","AuthenticationException","constructor",
"AuthenticationException","boundary","AuthenticationException","constructor",
"AuthenticationException","boundary","getAuthentication","get collaborator",
"AuthenticationException","boundary","setAuthentication","set collaborator",
"AuthenticationException","boundary","getExtraInformation","get collaborator",
"AuthenticationException","boundary","clearExtraInformation","set",
"AuthenticationException","boundary","toSpring","property factory wrapper",
"AccountExpiredException","factory controller small-class","AccountExpiredException","constructor",
"AccountExpiredException","factory controller small-class","AccountExpiredException","constructor",
"AccountExpiredException","factory controller small-class","AccountExpiredException","constructor",
"AccountExpiredException","factory controller small-class","toSpring","property factory wrapper",
"RunListProgressiveRendering","entity commander boundary","setBuilds","set collaborator",
"RunListProgressiveRendering","entity commander boundary","compute","command collaborator",
"RunListProgressiveRendering","entity commander boundary","data","property non-void-command collaborator",
"JenkinsWidgetFactory","boundary degenerate","type","collaborator incidental",
"JenkinsWidgetFactory","boundary degenerate","widgetType","collaborator incidental",
"JenkinsWidgetFactory","boundary degenerate","createFor","wrapper stateless",
"ExecutorsWidget","data-provider small-class","ExecutorsWidget","constructor",
"ExecutorsWidget","data-provider small-class","getOwnerUrl","get",
"ExecutorsWidget","data-provider small-class","getComputers","property wrapper",
"BuildQueueWidget","data-provider data-class","BuildQueueWidget","constructor",
"BuildQueueWidget","data-provider data-class","BuildQueueWidget","constructor",
"BuildQueueWidget","data-provider data-class","getOwnerUrl","get",
"BuildQueueWidget","data-provider data-class","getQueueItems","get collaborator",
"BuildQueueWidget","data-provider data-class","isFiltered","get",
"BuildListTable","pure-controller degenerate small-class","calculate","controller stateless",
"WebSockets","empty","WebSockets","constructor",
"BatchFile","boundary","BatchFile","constructor",
"BatchFile","boundary","setConfiguredLocalRules","set collaborator",
"BatchFile","boundary","buildCommandLine","controller stateless",
"BatchFile","boundary","getContents","property wrapper",
"BatchFile","boundary","getFileExtension","incidental",
"BatchFile","boundary","getUnstableReturn","property wrapper",
"BatchFile","boundary","setUnstableReturn","set",
"BatchFile","boundary","isErrorlevelForUnstableBuild","predicate non-void-command",
"BatchFile","boundary","readResolve","factory controller",
"LastFailureColumn","empty","LastFailureColumn","constructor",
"WorkspaceList","entity boundary","WorkspaceList","constructor",
"WorkspaceList","entity boundary","allocate","property non-void-command collaborator",
"WorkspaceList","entity boundary","allocate","property non-void-command collaborator",
"WorkspaceList","entity boundary","record","property non-void-command collaborator",
"WorkspaceList","entity boundary","_release","command collaborator",
"WorkspaceList","entity boundary","acquire","property non-void-command collaborator",
"WorkspaceList","entity boundary","acquire","property non-void-command collaborator",
"WorkspaceList","entity boundary","acquire","property non-void-command collaborator",
"WorkspaceList","entity boundary","lease","property non-void-command factory collaborator",
"RetentionStrategy<TextendsComputer>","boundary degenerate","isManualLaunchAllowed","collaborator incidental",
"RetentionStrategy<TextendsComputer>","boundary degenerate","isAcceptingTasks","collaborator incidental",
"RetentionStrategy<TextendsComputer>","boundary degenerate","start","wrapper stateless",
"AbstractTopLevelItem","boundary degenerate small-class","AbstractTopLevelItem","constructor",
"AbstractTopLevelItem","boundary degenerate small-class","getAllJobs","wrapper stateless",
"AbstractTopLevelItem","boundary degenerate small-class","getDescriptor","wrapper stateless",
"JNLPLauncher","unclassified","JNLPLauncher","constructor",
"JNLPLauncher","unclassified","JNLPLauncher","constructor",
"JNLPLauncher","unclassified","JNLPLauncher","constructor",
"JNLPLauncher","unclassified","JNLPLauncher","constructor",
"JNLPLauncher","unclassified","JNLPLauncher","constructor",
"JNLPLauncher","unclassified","readResolve","get set collaborator",
"JNLPLauncher","unclassified","getWorkDirSettings","get collaborator",
"JNLPLauncher","unclassified","setWorkDirSettings","set collaborator",
"JNLPLauncher","unclassified","isLaunchSupported","incidental",
"JNLPLauncher","unclassified","isWebSocket","get",
"JNLPLauncher","unclassified","setWebSocket","set",
"JNLPLauncher","unclassified","getTunnel","get",
"JNLPLauncher","unclassified","setTunnel","set",
"JNLPLauncher","unclassified","launch","empty",
"JNLPLauncher","unclassified","getRemotingOptionsUnix","property non-void-command collaborator",
"JNLPLauncher","unclassified","getRemotingOptionsWindows","property non-void-command collaborator",
"JNLPLauncher","unclassified","isConfigured","predicate non-void-command",
"JNLPLauncher","unclassified","getRemotingOptions","property non-void-command collaborator",
"JNLPLauncher","unclassified","getWorkDirOptions","property non-void-command collaborator",
"ConnectionActivityMonitor","entity boundary small-class","ConnectionActivityMonitor","constructor",
"ConnectionActivityMonitor","entity boundary small-class","execute","command collaborator",
"ConnectionActivityMonitor","entity boundary small-class","getRecurrencePeriod","property wrapper",
"ComputerRetentionWork","boundary","getRecurrencePeriod","wrapper stateless",
"ComputerRetentionWork","boundary","getNewInstance","get collaborator",
"ComputerRetentionWork","boundary","doAperiodicRun","command",
"FilePath","boundary","FilePath","constructor",
"FilePath","boundary","FilePath","constructor",
"FilePath","boundary","FilePath","copy-constructor",
"FilePath","boundary","readResolve","get set collaborator",
"FilePath","boundary","resolvePathIfRelative","property non-void-command",
"FilePath","boundary","isUnix","predicate non-void-command",
"FilePath","boundary","getRemote","get",
"FilePath","boundary","createZipArchive","command collaborator",
"FilePath","boundary","zip","command collaborator",
"FilePath","boundary","zip","command",
"FilePath","boundary","zip","command collaborator",
"FilePath","boundary","createZipArchive","command",
"FilePath","boundary","zip","command",
"FilePath","boundary","zip","property non-void-command collaborator",
"FilePath","boundary","zip","property non-void-command collaborator",
"FilePath","boundary","archive","wrapper stateless",
"FilePath","boundary","archive","property wrapper",
"FilePath","boundary","archive","property non-void-command collaborator",
"FilePath","boundary","archive","wrapper stateless",
"FilePath","boundary","unzip","command collaborator",
"FilePath","boundary","untar","controller",
"FilePath","boundary","unzipFrom","command collaborator",
"FilePath","boundary","absolutize","property non-void-command factory",
"FilePath","boundary","hasSymlink","predicate non-void-command collaborator",
"FilePath","boundary","containsSymlink","predicate non-void-command collaborator",
"FilePath","boundary","symlinkTo","command collaborator",
"FilePath","boundary","readLink","property non-void-command",
"FilePath","boundary","equals","predicate non-void-command collaborator",
"FilePath","boundary","hashCode","property non-void-command",
"FilePath","boundary","extract","factory collaborator stateless",
"FilePath","boundary","compress","factory collaborator stateless",
"FilePath","boundary","extract","factory collaborator stateless",
"FilePath","boundary","compress","factory collaborator stateless",
"FilePath","boundary","untarFrom","command collaborator",
"FilePath","boundary","installIfNecessaryFrom","predicate non-void-command",
"FilePath","boundary","installIfNecessaryFrom","predicate non-void-command collaborator",
"FilePath","boundary","equalETags","controller stateless",
"FilePath","boundary","copyFrom","command collaborator",
"FilePath","boundary","copyFrom","command collaborator",
"FilePath","boundary","copyFrom","controller",
"FilePath","boundary","copyFrom","command collaborator",
"FilePath","boundary","copyFrom","command collaborator",
"FilePath","boundary","act","property non-void-command collaborator",
"FilePath","boundary","act","property non-void-command collaborator",
"FilePath","boundary","actAsync","property controller",
"FilePath","boundary","act","property non-void-command collaborator",
"FilePath","boundary","asCallableWith","factory collaborator stateless",
"FilePath","boundary","toURI","property non-void-command collaborator",
"FilePath","boundary","toVirtualFile","property wrapper",
"FilePath","boundary","toComputer","property non-void-command collaborator",
"FilePath","boundary","mkdirs","command",
"FilePath","boundary","deleteSuffixesRecursive","command",
"FilePath","boundary","deleteRecursive","command",
"FilePath","boundary","deleteContents","command",
"FilePath","boundary","getBaseName","property non-void-command",
"FilePath","boundary","getName","property controller",
"FilePath","boundary","sibling","property non-void-command",
"FilePath","boundary","withSuffix","property factory",
"FilePath","boundary","child","property factory",
"FilePath","boundary","getParent","property non-void-command",
"FilePath","boundary","createTempFile","property non-void-command factory",
"FilePath","boundary","createTextTempFile","property non-void-command",
"FilePath","boundary","createTextTempFile","property factory wrapper",
"FilePath","boundary","createTempDir","property non-void-command factory",
"FilePath","boundary","delete","predicate non-void-command",
"FilePath","boundary","exists","predicate non-void-command",
"FilePath","boundary","lastModified","property non-void-command",
"FilePath","boundary","touch","command",
"FilePath","boundary","setLastModifiedIfPossible","command",
"FilePath","boundary","isDirectory","predicate non-void-command",
"FilePath","boundary","length","property non-void-command",
"FilePath","boundary","getFreeDiskSpace","property non-void-command",
"FilePath","boundary","getTotalDiskSpace","property non-void-command",
"FilePath","boundary","getUsableDiskSpace","property non-void-command",
"FilePath","boundary","chmod","command",
"FilePath","boundary","mode","property non-void-command",
"FilePath","boundary","list","property non-void-command",
"FilePath","boundary","list","property non-void-command collaborator",
"FilePath","boundary","listDirectories","property non-void-command",
"FilePath","boundary","list","property non-void-command collaborator",
"FilePath","boundary","list","property non-void-command",
"FilePath","boundary","list","property non-void-command",
"FilePath","boundary","list","wrapper stateless",
"FilePath","boundary","read","property non-void-command collaborator",
"FilePath","boundary","read","property controller",
"FilePath","boundary","readFromOffset","property factory controller",
"FilePath","boundary","readToString","property non-void-command",
"FilePath","boundary","write","property non-void-command collaborator",
"FilePath","boundary","write","command",
"FilePath","boundary","digest","property non-void-command",
"FilePath","boundary","renameTo","command",
"FilePath","boundary","moveAllChildrenTo","command",
"FilePath","boundary","copyTo","command",
"FilePath","boundary","copyToWithPermission","command",
"FilePath","boundary","copyTo","command collaborator",
"FilePath","boundary","syncIO","command",
"FilePath","boundary","_syncIO","command",
"FilePath","boundary","copyRecursiveTo","property non-void-command",
"FilePath","boundary","copyRecursiveTo","property non-void-command",
"FilePath","boundary","copyRecursiveTo","property non-void-command",
"FilePath","boundary","copyRecursiveTo","property non-void-command",
"FilePath","boundary","copyRecursiveTo","property non-void-command collaborator",
"FilePath","boundary","ioWithCause","controller stateless",
"FilePath","boundary","tar","property non-void-command",
"FilePath","boundary","tar","property non-void-command collaborator",
"FilePath","boundary","tar","property non-void-command collaborator",
"FilePath","boundary","createLauncher","property non-void-command factory collaborator",
"FilePath","boundary","validateAntFileMask","property non-void-command",
"FilePath","boundary","validateAntFileMask","property non-void-command",
"FilePath","boundary","validateAntFileMask","property non-void-command",
"FilePath","boundary","validateAntFileMask","wrapper stateless",
"FilePath","boundary","setUrlFactory","set collaborator",
"FilePath","boundary","getUrlFactory","get collaborator",
"FilePath","boundary","validateFileMask","property non-void-command collaborator",
"FilePath","boundary","validateFileMask","property non-void-command collaborator",
"FilePath","boundary","validateFileMask","property non-void-command collaborator",
"FilePath","boundary","validateRelativePath","property non-void-command collaborator",
"FilePath","boundary","validateRelativeDirectory","property non-void-command collaborator",
"FilePath","boundary","validateRelativeDirectory","property non-void-command collaborator",
"FilePath","boundary","toString","get",
"FilePath","boundary","getChannel","get collaborator",
"FilePath","boundary","isRemote","predicate",
"FilePath","boundary","writeObject","command collaborator",
"FilePath","boundary","_getChannelForSerialization","property non-void-command collaborator",
"FilePath","boundary","readObject","set collaborator",
"FilePath","boundary","isDescendant","predicate non-void-command",
"SlaveToMasterFileCallable<T>","commander boundary","checkRoles","command collaborator",
"SlaveToMasterFileCallable<T>","commander boundary","readResolve","get non-void-command collaborator",
"SlaveToMasterFileCallable<T>","commander boundary","warnOnController","command",
"BooleanUserExperimentalFlag","degenerate","BooleanUserExperimentalFlag","constructor",
"BooleanUserExperimentalFlag","degenerate","getDefaultValue","collaborator incidental",
"BooleanUserExperimentalFlag","degenerate","serializeValue","collaborator incidental",
"BooleanUserExperimentalFlag","degenerate","deserializeValue","controller stateless",
"ComputerLauncherFilter","entity boundary","ComputerLauncherFilter","constructor",
"ComputerLauncherFilter","entity boundary","getCore","get collaborator",
"ComputerLauncherFilter","entity boundary","isLaunchSupported","predicate non-void-command",
"ComputerLauncherFilter","entity boundary","launch","command collaborator",
"ComputerLauncherFilter","entity boundary","afterDisconnect","command collaborator",
"ComputerLauncherFilter","entity boundary","beforeDisconnect","command collaborator",
"ComputerLauncherFilter","entity boundary","getDescriptor","collaborator stateless",
"CloudSlaveRetentionStrategy<TextendsComputer>","boundary","check","property non-void-command collaborator",
"CloudSlaveRetentionStrategy<TextendsComputer>","boundary","kill","wrapper stateless",
"CloudSlaveRetentionStrategy<TextendsComputer>","boundary","checkCycle","property non-void-command",
"CloudSlaveRetentionStrategy<TextendsComputer>","boundary","isIdleForTooLong","predicate non-void-command collaborator",
"CloudSlaveRetentionStrategy<TextendsComputer>","boundary","getIdleMaxTime","get",
"ProxyConfiguration","boundary","ProxyConfiguration","constructor",
"ProxyConfiguration","boundary","ProxyConfiguration","constructor",
"ProxyConfiguration","boundary","ProxyConfiguration","constructor",
"ProxyConfiguration","boundary","ProxyConfiguration","constructor",
"ProxyConfiguration","boundary","newAuthenticator","property non-void-command factory collaborator",
"ProxyConfiguration","boundary","getUserName","get",
"ProxyConfiguration","boundary","getSecretPassword","get collaborator",
"ProxyConfiguration","boundary","getPassword","property wrapper",
"ProxyConfiguration","boundary","getEncryptedPassword","property non-void-command",
"ProxyConfiguration","boundary","getTestUrl","get",
"ProxyConfiguration","boundary","getPort","get",
"ProxyConfiguration","boundary","getName","get",
"ProxyConfiguration","boundary","getNoProxyHostPatterns","property non-void-command collaborator",
"ProxyConfiguration","boundary","getNoProxyHost","get",
"ProxyConfiguration","boundary","setSecretPassword","set collaborator",
"ProxyConfiguration","boundary","setTestUrl","set",
"ProxyConfiguration","boundary","setUserName","set",
"ProxyConfiguration","boundary","setNoProxyHost","set",
"ProxyConfiguration","boundary","createProxy","property non-void-command collaborator",
"ProxyConfiguration","boundary","createProxy","property wrapper",
"ProxyConfiguration","boundary","save","controller",
"ProxyConfiguration","boundary","readResolve","get non-void-command collaborator",
"ProxyConfiguration","boundary","jenkins48775workaround","set collaborator",
"CloudRetentionStrategy","small-class","CloudRetentionStrategy","constructor",
"CloudRetentionStrategy","small-class","check","property non-void-command collaborator",
"CloudRetentionStrategy","small-class","start","controller stateless",
"Project<PextendsProject<P,B>,BextendsBuild<P,B>>","entity boundary","Project","constructor",
"Project<PextendsProject<P,B>,BextendsBuild<P,B>>","entity boundary","onLoad","command",
"Project<PextendsProject<P,B>,BextendsBuild<P,B>>","entity boundary","asProject","get collaborator",
"Project<PextendsProject<P,B>,BextendsBuild<P,B>>","entity boundary","asItem","get collaborator",
"Project<PextendsProject<P,B>,BextendsBuild<P,B>>","entity boundary","getSCMTrigger","property non-void-command collaborator",
"Project<PextendsProject<P,B>,BextendsBuild<P,B>>","entity boundary","getSCMs","property non-void-command collaborator",
"Project<PextendsProject<P,B>,BextendsBuild<P,B>>","entity boundary","getBuilders","property non-void-command collaborator",
"Project<PextendsProject<P,B>,BextendsBuild<P,B>>","entity boundary","getPublishers","property non-void-command collaborator",
"Project<PextendsProject<P,B>,BextendsBuild<P,B>>","entity boundary","getBuildersList","get non-void-command collaborator",
"Project<PextendsProject<P,B>,BextendsBuild<P,B>>","entity boundary","getPublishersList","get non-void-command collaborator",
"Project<PextendsProject<P,B>,BextendsBuild<P,B>>","entity boundary","getBuildWrappers","property non-void-command collaborator",
"Project<PextendsProject<P,B>,BextendsBuild<P,B>>","entity boundary","getBuildWrappersList","get non-void-command collaborator",
"Project<PextendsProject<P,B>,BextendsBuild<P,B>>","entity boundary","getResourceActivities","non-void-command factory collaborator",
"Project<PextendsProject<P,B>,BextendsBuild<P,B>>","entity boundary","addPublisher","command collaborator",
"Project<PextendsProject<P,B>,BextendsBuild<P,B>>","entity boundary","removePublisher","command collaborator",
"Project<PextendsProject<P,B>,BextendsBuild<P,B>>","entity boundary","getPublisher","property non-void-command collaborator",
"Project<PextendsProject<P,B>,BextendsBuild<P,B>>","entity boundary","buildDependencyGraph","command collaborator",
"Project<PextendsProject<P,B>,BextendsBuild<P,B>>","entity boundary","isFingerprintConfigured","predicate non-void-command",
"Project<PextendsProject<P,B>,BextendsBuild<P,B>>","entity boundary","inferMavenInstallation","property non-void-command collaborator",
"Project<PextendsProject<P,B>,BextendsBuild<P,B>>","entity boundary","submit","command collaborator",
"Project<PextendsProject<P,B>,BextendsBuild<P,B>>","entity boundary","createTransientActions","property non-void-command collaborator",
"ChannelPinger","commander boundary","ChannelPinger","constructor",
"ChannelPinger","commander boundary","preOnline","command collaborator",
"ChannelPinger","commander boundary","install","command collaborator",
"ChannelPinger","commander boundary","install","command collaborator",
"AbstractCloudImpl","unclassified","AbstractCloudImpl","constructor",
"AbstractCloudImpl","unclassified","setInstanceCapStr","set",
"AbstractCloudImpl","unclassified","getInstanceCapStr","property wrapper",
"AbstractCloudImpl","unclassified","getInstanceCap","get",
"AbstractCloudImpl","unclassified","setInstanceCap","set",
"Run<JobTextendsJob<JobT,RunT>,RunTextendsRun<JobT,RunT>>","boundary","Run","constructor",
"Run<JobTextendsJob<JobT,RunT>,RunTextendsRun<JobT,RunT>>","boundary","Run","constructor",
"Run<JobTextendsJob<JobT,RunT>,RunTextendsRun<JobT,RunT>>","boundary","Run","constructor",
"Run<JobTextendsJob<JobT,RunT>,RunTextendsRun<JobT,RunT>>","boundary","Run","constructor",
"Run<JobTextendsJob<JobT,RunT>,RunTextendsRun<JobT,RunT>>","boundary","reload","command",
"Run<JobTextendsJob<JobT,RunT>,RunTextendsRun<JobT,RunT>>","boundary","onLoad","command collaborator",
"Run<JobTextendsJob<JobT,RunT>,RunTextendsRun<JobT,RunT>>","boundary","getTransientActions","property non-void-command collaborator",
"Run<JobTextendsJob<JobT,RunT>,RunTextendsRun<JobT,RunT>>","boundary","addAction","command collaborator",
"Run<JobTextendsJob<JobT,RunT>,RunTextendsRun<JobT,RunT>>","boundary","_this","property collaborator",
"Run<JobTextendsJob<JobT,RunT>,RunTextendsRun<JobT,RunT>>","boundary","compareTo","property non-void-command collaborator",
"Run<JobTextendsJob<JobT,RunT>,RunTextendsRun<JobT,RunT>>","boundary","getQueueId","get",
"Run<JobTextendsJob<JobT,RunT>,RunTextendsRun<JobT,RunT>>","boundary","setQueueId","set",
"Run<JobTextendsJob<JobT,RunT>,RunTextendsRun<JobT,RunT>>","boundary","getResult","get collaborator",
"Run<JobTextendsJob<JobT,RunT>,RunTextendsRun<JobT,RunT>>","boundary","setResult","command collaborator",
"Run<JobTextendsJob<JobT,RunT>,RunTextendsRun<JobT,RunT>>","boundary","getBadgeActions","non-void-command factory collaborator",
"Run<JobTextendsJob<JobT,RunT>,RunTextendsRun<JobT,RunT>>","boundary","isBuilding","predicate non-void-command",
"Run<JobTextendsJob<JobT,RunT>,RunTextendsRun<JobT,RunT>>","boundary","isInProgress","predicate non-void-command",
"Run<JobTextendsJob<JobT,RunT>,RunTextendsRun<JobT,RunT>>","boundary","isLogUpdated","predicate non-void-command",
"Run<JobTextendsJob<JobT,RunT>,RunTextendsRun<JobT,RunT>>","boundary","getExecutor","property wrapper",
"Run<JobTextendsJob<JobT,RunT>,RunTextendsRun<JobT,RunT>>","boundary","getOneOffExecutor","property controller",
"Run<JobTextendsJob<JobT,RunT>,RunTextendsRun<JobT,RunT>>","boundary","getCharset","property wrapper",
"Run<JobTextendsJob<JobT,RunT>,RunTextendsRun<JobT,RunT>>","boundary","getCauses","property non-void-command collaborator",
"Run<JobTextendsJob<JobT,RunT>,RunTextendsRun<JobT,RunT>>","boundary","getCause","property non-void-command collaborator",
"Run<JobTextendsJob<JobT,RunT>,RunTextendsRun<JobT,RunT>>","boundary","isKeepLog","predicate non-void-command",
"Run<JobTextendsJob<JobT,RunT>,RunTextendsRun<JobT,RunT>>","boundary","getWhyKeepLog","property wrapper",
"Run<JobTextendsJob<JobT,RunT>,RunTextendsRun<JobT,RunT>>","boundary","getParent","get collaborator",
"Run<JobTextendsJob<JobT,RunT>,RunTextendsRun<JobT,RunT>>","boundary","getTimestamp","factory controller",
"Run<JobTextendsJob<JobT,RunT>,RunTextendsRun<JobT,RunT>>","boundary","getTime","property factory collaborator",
"Run<JobTextendsJob<JobT,RunT>,RunTextendsRun<JobT,RunT>>","boundary","getTimeInMillis","get",
"Run<JobTextendsJob<JobT,RunT>,RunTextendsRun<JobT,RunT>>","boundary","getStartTimeInMillis","get",
"Run<JobTextendsJob<JobT,RunT>,RunTextendsRun<JobT,RunT>>","boundary","getDescription","get",
"Run<JobTextendsJob<JobT,RunT>,RunTextendsRun<JobT,RunT>>","boundary","getTruncatedDescription","get property controller",
"Run<JobTextendsJob<JobT,RunT>,RunTextendsRun<JobT,RunT>>","boundary","getTimestampString","property non-void-command",
"Run<JobTextendsJob<JobT,RunT>,RunTextendsRun<JobT,RunT>>","boundary","getTimestampString2","property wrapper",
"Run<JobTextendsJob<JobT,RunT>,RunTextendsRun<JobT,RunT>>","boundary","getDurationString","property non-void-command",
"Run<JobTextendsJob<JobT,RunT>,RunTextendsRun<JobT,RunT>>","boundary","getDuration","get",
"Run<JobTextendsJob<JobT,RunT>,RunTextendsRun<JobT,RunT>>","boundary","getIconColor","property non-void-command collaborator",
"Run<JobTextendsJob<JobT,RunT>,RunTextendsRun<JobT,RunT>>","boundary","hasntStartedYet","predicate",
"Run<JobTextendsJob<JobT,RunT>,RunTextendsRun<JobT,RunT>>","boundary","toString","property non-void-command",
"Run<JobTextendsJob<JobT,RunT>,RunTextendsRun<JobT,RunT>>","boundary","getFullDisplayName","property non-void-command",
"Run<JobTextendsJob<JobT,RunT>,RunTextendsRun<JobT,RunT>>","boundary","getDisplayName","property",
"Run<JobTextendsJob<JobT,RunT>,RunTextendsRun<JobT,RunT>>","boundary","hasCustomDisplayName","predicate",
"Run<JobTextendsJob<JobT,RunT>,RunTextendsRun<JobT,RunT>>","boundary","setDisplayName","command",
"Run<JobTextendsJob<JobT,RunT>,RunTextendsRun<JobT,RunT>>","boundary","getNumber","get",
"Run<JobTextendsJob<JobT,RunT>,RunTextendsRun<JobT,RunT>>","boundary","createReference","property non-void-command factory collaborator",
"Run<JobTextendsJob<JobT,RunT>,RunTextendsRun<JobT,RunT>>","boundary","dropLinks","command",
"Run<JobTextendsJob<JobT,RunT>,RunTextendsRun<JobT,RunT>>","boundary","getPreviousBuild","get collaborator",
"Run<JobTextendsJob<JobT,RunT>,RunTextendsRun<JobT,RunT>>","boundary","getPreviousCompletedBuild","property non-void-command collaborator",
"Run<JobTextendsJob<JobT,RunT>,RunTextendsRun<JobT,RunT>>","boundary","getPreviousBuildInProgress","property non-void-command collaborator",
"Run<JobTextendsJob<JobT,RunT>,RunTextendsRun<JobT,RunT>>","boundary","getPreviousBuiltBuild","property non-void-command collaborator",
"Run<JobTextendsJob<JobT,RunT>,RunTextendsRun<JobT,RunT>>","boundary","getPreviousNotFailedBuild","property non-void-command collaborator",
"Run<JobTextendsJob<JobT,RunT>,RunTextendsRun<JobT,RunT>>","boundary","getPreviousFailedBuild","property non-void-command collaborator",
"Run<JobTextendsJob<JobT,RunT>,RunTextendsRun<JobT,RunT>>","boundary","getPreviousSuccessfulBuild","property non-void-command collaborator",
"Run<JobTextendsJob<JobT,RunT>,RunTextendsRun<JobT,RunT>>","boundary","getPreviousBuildsOverThreshold","property non-void-command factory collaborator",
"Run<JobTextendsJob<JobT,RunT>,RunTextendsRun<JobT,RunT>>","boundary","getBuildsOverThreshold","non-void-command factory collaborator",
"Run<JobTextendsJob<JobT,RunT>,RunTextendsRun<JobT,RunT>>","boundary","getNextBuild","get collaborator",
"Run<JobTextendsJob<JobT,RunT>,RunTextendsRun<JobT,RunT>>","boundary","getUrl","property non-void-command",
"Run<JobTextendsJob<JobT,RunT>,RunTextendsRun<JobT,RunT>>","boundary","getAbsoluteUrl","property non-void-command",
"Run<JobTextendsJob<JobT,RunT>,RunTextendsRun<JobT,RunT>>","boundary","getSearchUrl","property non-void-command",
"Run<JobTextendsJob<JobT,RunT>,RunTextendsRun<JobT,RunT>>","boundary","getId","property wrapper",
"Run<JobTextendsJob<JobT,RunT>,RunTextendsRun<JobT,RunT>>","boundary","getRootDir","property non-void-command factory collaborator",
"Run<JobTextendsJob<JobT,RunT>,RunTextendsRun<JobT,RunT>>","boundary","getArtifactManager","property collaborator",
"Run<JobTextendsJob<JobT,RunT>,RunTextendsRun<JobT,RunT>>","boundary","pickArtifactManager","get property set factory collaborator",
"Run<JobTextendsJob<JobT,RunT>,RunTextendsRun<JobT,RunT>>","boundary","getArtifactsDir","property non-void-command factory collaborator",
"Run<JobTextendsJob<JobT,RunT>,RunTextendsRun<JobT,RunT>>","boundary","getArtifacts","property non-void-command collaborator",
"Run<JobTextendsJob<JobT,RunT>,RunTextendsRun<JobT,RunT>>","boundary","getArtifactsUpTo","non-void-command factory collaborator",
"Run<JobTextendsJob<JobT,RunT>,RunTextendsRun<JobT,RunT>>","boundary","getHasArtifacts","predicate non-void-command",
"Run<JobTextendsJob<JobT,RunT>,RunTextendsRun<JobT,RunT>>","boundary","getBuildFingerprints","property non-void-command collaborator",
"Run<JobTextendsJob<JobT,RunT>,RunTextendsRun<JobT,RunT>>","boundary","getLogFile","non-void-command factory collaborator",
"Run<JobTextendsJob<JobT,RunT>,RunTextendsRun<JobT,RunT>>","boundary","getLogInputStream","property non-void-command factory collaborator",
"Run<JobTextendsJob<JobT,RunT>,RunTextendsRun<JobT,RunT>>","boundary","getLogReader","property non-void-command factory collaborator",
"Run<JobTextendsJob<JobT,RunT>,RunTextendsRun<JobT,RunT>>","boundary","writeLogTo","command collaborator",
"Run<JobTextendsJob<JobT,RunT>,RunTextendsRun<JobT,RunT>>","boundary","writeWholeLogTo","command collaborator",
"Run<JobTextendsJob<JobT,RunT>,RunTextendsRun<JobT,RunT>>","boundary","getLogText","property non-void-command factory collaborator",
"Run<JobTextendsJob<JobT,RunT>,RunTextendsRun<JobT,RunT>>","boundary","makeSearchIndex","property non-void-command collaborator",
"Run<JobTextendsJob<JobT,RunT>,RunTextendsRun<JobT,RunT>>","boundary","getApi","property factory collaborator",
"Run<JobTextendsJob<JobT,RunT>,RunTextendsRun<JobT,RunT>>","boundary","getACL","property non-void-command collaborator",
"Run<JobTextendsJob<JobT,RunT>,RunTextendsRun<JobT,RunT>>","boundary","deleteArtifacts","command",
"Run<JobTextendsJob<JobT,RunT>,RunTextendsRun<JobT,RunT>>","boundary","delete","command collaborator",
"Run<JobTextendsJob<JobT,RunT>,RunTextendsRun<JobT,RunT>>","boundary","removeRunFromParent","command",
"Run<JobTextendsJob<JobT,RunT>,RunTextendsRun<JobT,RunT>>","boundary","run","command collaborator",
"Run<JobTextendsJob<JobT,RunT>,RunTextendsRun<JobT,RunT>>","boundary","execute","command collaborator",
"Run<JobTextendsJob<JobT,RunT>,RunTextendsRun<JobT,RunT>>","boundary","createLogger","property non-void-command collaborator",
"Run<JobTextendsJob<JobT,RunT>,RunTextendsRun<JobT,RunT>>","boundary","createBuildListener","property factory controller",
"Run<JobTextendsJob<JobT,RunT>,RunTextendsRun<JobT,RunT>>","boundary","updateSymlinks","empty",
"Run<JobTextendsJob<JobT,RunT>,RunTextendsRun<JobT,RunT>>","boundary","handleFatalBuildProblem","command collaborator",
"Run<JobTextendsJob<JobT,RunT>,RunTextendsRun<JobT,RunT>>","boundary","onStartBuilding","command",
"Run<JobTextendsJob<JobT,RunT>,RunTextendsRun<JobT,RunT>>","boundary","onEndBuilding","command",
"Run<JobTextendsJob<JobT,RunT>,RunTextendsRun<JobT,RunT>>","boundary","save","command",
"Run<JobTextendsJob<JobT,RunT>,RunTextendsRun<JobT,RunT>>","boundary","getDataFile","property non-void-command factory collaborator",
"Run<JobTextendsJob<JobT,RunT>,RunTextendsRun<JobT,RunT>>","boundary","writeReplace","property wrapper",
"Run<JobTextendsJob<JobT,RunT>,RunTextendsRun<JobT,RunT>>","boundary","getLog","property non-void-command",
"Run<JobTextendsJob<JobT,RunT>,RunTextendsRun<JobT,RunT>>","boundary","getLog","property non-void-command",
"Run<JobTextendsJob<JobT,RunT>,RunTextendsRun<JobT,RunT>>","boundary","convertBytesToString","property non-void-command",
"Run<JobTextendsJob<JobT,RunT>,RunTextendsRun<JobT,RunT>>","boundary","doBuildStatus","command collaborator",
"Run<JobTextendsJob<JobT,RunT>,RunTextendsRun<JobT,RunT>>","boundary","getBuildStatusUrl","property non-void-command",
"Run<JobTextendsJob<JobT,RunT>,RunTextendsRun<JobT,RunT>>","boundary","getBuildStatusIconClassName","property non-void-command",
"Run<JobTextendsJob<JobT,RunT>,RunTextendsRun<JobT,RunT>>","boundary","getBuildStatusSummary","property non-void-command factory collaborator",
"Run<JobTextendsJob<JobT,RunT>,RunTextendsRun<JobT,RunT>>","boundary","doArtifact","property non-void-command factory collaborator",
"Run<JobTextendsJob<JobT,RunT>,RunTextendsRun<JobT,RunT>>","boundary","doBuildNumber","controller stateless",
"Run<JobTextendsJob<JobT,RunT>,RunTextendsRun<JobT,RunT>>","boundary","doBuildTimestamp","command collaborator",
"Run<JobTextendsJob<JobT,RunT>,RunTextendsRun<JobT,RunT>>","boundary","doConsoleText","command collaborator",
"Run<JobTextendsJob<JobT,RunT>,RunTextendsRun<JobT,RunT>>","boundary","doProgressiveLog","command collaborator",
"Run<JobTextendsJob<JobT,RunT>,RunTextendsRun<JobT,RunT>>","boundary","canToggleLogKeep","predicate non-void-command",
"Run<JobTextendsJob<JobT,RunT>,RunTextendsRun<JobT,RunT>>","boundary","doToggleLogKeep","command collaborator",
"Run<JobTextendsJob<JobT,RunT>,RunTextendsRun<JobT,RunT>>","boundary","keepLog","command",
"Run<JobTextendsJob<JobT,RunT>,RunTextendsRun<JobT,RunT>>","boundary","keepLog","command",
"Run<JobTextendsJob<JobT,RunT>,RunTextendsRun<JobT,RunT>>","boundary","doDoDelete","command collaborator",
"Run<JobTextendsJob<JobT,RunT>,RunTextendsRun<JobT,RunT>>","boundary","setDescription","command",
"Run<JobTextendsJob<JobT,RunT>,RunTextendsRun<JobT,RunT>>","boundary","doSubmitDescription","command collaborator",
"Run<JobTextendsJob<JobT,RunT>,RunTextendsRun<JobT,RunT>>","boundary","getEnvVars","property non-void-command",
"Run<JobTextendsJob<JobT,RunT>,RunTextendsRun<JobT,RunT>>","boundary","getEnvironment","property non-void-command collaborator",
"Run<JobTextendsJob<JobT,RunT>,RunTextendsRun<JobT,RunT>>","boundary","getEnvironment","property non-void-command collaborator",
"Run<JobTextendsJob<JobT,RunT>,RunTextendsRun<JobT,RunT>>","boundary","getCharacteristicEnvVars","property non-void-command collaborator",
"Run<JobTextendsJob<JobT,RunT>,RunTextendsRun<JobT,RunT>>","boundary","getExternalizableId","property non-void-command",
"Run<JobTextendsJob<JobT,RunT>,RunTextendsRun<JobT,RunT>>","boundary","getEstimatedDuration","property non-void-command",
"Run<JobTextendsJob<JobT,RunT>,RunTextendsRun<JobT,RunT>>","boundary","doConfigSubmit","property non-void-command collaborator",
"Run<JobTextendsJob<JobT,RunT>,RunTextendsRun<JobT,RunT>>","boundary","submit","command collaborator",
"Run<JobTextendsJob<JobT,RunT>,RunTextendsRun<JobT,RunT>>","boundary","getDynamic","property non-void-command factory collaborator",
"Run<JobTextendsJob<JobT,RunT>,RunTextendsRun<JobT,RunT>>","boundary","getTarget","get property non-void-command collaborator",
"Builder","boundary degenerate","prebuild","collaborator incidental",
"Builder","boundary degenerate","getRequiredMonitorService","collaborator incidental",
"Builder","boundary degenerate","getDescriptor","wrapper stateless",
"ArtifactArchiver","unclassified","ArtifactArchiver","constructor",
"ArtifactArchiver","unclassified","ArtifactArchiver","constructor",
"ArtifactArchiver","unclassified","ArtifactArchiver","constructor",
"ArtifactArchiver","unclassified","ArtifactArchiver","constructor",
"ArtifactArchiver","unclassified","ArtifactArchiver","constructor",
"ArtifactArchiver","unclassified","readResolve","get non-void-command collaborator",
"ArtifactArchiver","unclassified","getArtifacts","get",
"ArtifactArchiver","unclassified","getExcludes","get",
"ArtifactArchiver","unclassified","setExcludes","set",
"ArtifactArchiver","unclassified","isLatestOnly","predicate",
"ArtifactArchiver","unclassified","isOnlyIfSuccessful","get",
"ArtifactArchiver","unclassified","setOnlyIfSuccessful","set",
"ArtifactArchiver","unclassified","isFingerprint","get",
"ArtifactArchiver","unclassified","setFingerprint","set",
"ArtifactArchiver","unclassified","getAllowEmptyArchive","get",
"ArtifactArchiver","unclassified","setAllowEmptyArchive","set",
"ArtifactArchiver","unclassified","isDefaultExcludes","get",
"ArtifactArchiver","unclassified","setDefaultExcludes","set",
"ArtifactArchiver","unclassified","isCaseSensitive","get",
"ArtifactArchiver","unclassified","setCaseSensitive","set",
"ArtifactArchiver","unclassified","isFollowSymlinks","get",
"ArtifactArchiver","unclassified","setFollowSymlinks","set",
"ArtifactArchiver","unclassified","perform","command collaborator",
"ArtifactArchiver","unclassified","getRequiredMonitorService","collaborator incidental",
"ImpersonatingScheduledExecutorService","factory controller small-class","ImpersonatingScheduledExecutorService","constructor",
"ImpersonatingScheduledExecutorService","factory controller small-class","ImpersonatingScheduledExecutorService","constructor",
"ImpersonatingScheduledExecutorService","factory controller small-class","wrap","property factory controller",
"ImpersonatingScheduledExecutorService","factory controller small-class","wrap","property factory controller",
"AbstractCloudComputer<TextendsAbstractCloudSlave>","entity small-class","AbstractCloudComputer","constructor",
"AbstractCloudComputer<TextendsAbstractCloudSlave>","entity small-class","getNode","property non-void-command collaborator",
"AbstractCloudComputer<TextendsAbstractCloudSlave>","entity small-class","doDoDelete","property non-void-command factory collaborator",
"MavenErrorNote","pure-controller degenerate small-class","MavenErrorNote","constructor",
"MavenErrorNote","pure-controller degenerate small-class","annotate","controller stateless",
"DefaultConsoleUrlProvider","pure-controller degenerate small-class","DefaultConsoleUrlProvider","constructor",
"DefaultConsoleUrlProvider","pure-controller degenerate small-class","getConsoleUrl","controller stateless",
"UrlHelperTest","boundary degenerate","regularCases","wrapper stateless",
"UrlHelperTest","boundary degenerate","fragmentIsForbidden","wrapper stateless",
"UrlHelperTest","boundary degenerate","queryIsForbidden","wrapper stateless",
"UrlHelperTest","boundary degenerate","otherCharactersAreForbidden","wrapper stateless",
"UrlHelperTest","boundary degenerate","ipv4Allowed","wrapper stateless",
"UrlHelperTest","boundary degenerate","ipv6Allowed","wrapper stateless",
"UrlHelperTest","boundary degenerate","withCustomDomain","wrapper stateless",
"UrlHelperTest","boundary degenerate","multipleConsecutiveDashesAreAllowed","wrapper stateless",
"UrlHelperTest","boundary degenerate","trailingDotsAreAccepted","wrapper stateless",
"UrlHelperTest","boundary degenerate","ensureJavaScriptSchemaIsNotAllowed","wrapper stateless",
"DefaultCrumbIssuer","unclassified","DefaultCrumbIssuer","constructor",
"DefaultCrumbIssuer","unclassified","isExcludeClientIPFromCrumb","get",
"DefaultCrumbIssuer","unclassified","readResolve","get non-void-command collaborator",
"DefaultCrumbIssuer","unclassified","initializeMessageDigest","set",
"DefaultCrumbIssuer","unclassified","issueCrumb","property non-void-command collaborator",
"DefaultCrumbIssuer","unclassified","validateCrumb","predicate non-void-command",
"DefaultCrumbIssuer","unclassified","getClientIP","property controller",
"CrumbIssuerDescriptor<TextendsCrumbIssuer>","data-class","CrumbIssuerDescriptor","constructor",
"CrumbIssuerDescriptor<TextendsCrumbIssuer>","data-class","getCrumbSalt","get",
"CrumbIssuerDescriptor<TextendsCrumbIssuer>","data-class","setCrumbSalt","set",
"CrumbIssuerDescriptor<TextendsCrumbIssuer>","data-class","getCrumbRequestField","get",
"CrumbIssuerDescriptor<TextendsCrumbIssuer>","data-class","setCrumbRequestField","set",
"UpdateCenterConfiguration","degenerate","UpdateCenterConfiguration","constructor",
"UpdateCenterConfiguration","degenerate","checkConnection","command",
"UpdateCenterConfiguration","degenerate","checkUpdateCenter","command",
"UpdateCenterConfiguration","degenerate","preValidate","empty",
"UpdateCenterConfiguration","degenerate","postValidate","empty",
"UpdateCenterConfiguration","degenerate","download","non-void-command factory collaborator",
"UpdateCenterConfiguration","degenerate","connect","wrapper stateless",
"UpdateCenterConfiguration","degenerate","install","controller stateless",
"UpdateCenterConfiguration","degenerate","upgrade","controller stateless",
"UpdateCenterConfiguration","degenerate","getConnectionCheckUrl","incidental",
"UpdateCenterConfiguration","degenerate","getUpdateCenterUrl","incidental",
"UpdateCenterConfiguration","degenerate","getPluginRepositoryBaseUrl","incidental",
"UpdateCenterConfiguration","degenerate","testConnection","controller stateless",
"CaptchaSupport","entity boundary small-class","getDescriptor","property non-void-command collaborator",
"UserMayOrMayNotExistException2","empty","UserMayOrMayNotExistException2","constructor",
"UserMayOrMayNotExistException2","empty","UserMayOrMayNotExistException2","constructor",
"UnwrapSecurityExceptionFilter","pure-controller degenerate","init","empty",
"UnwrapSecurityExceptionFilter","pure-controller degenerate","doFilter","controller stateless",
"UnwrapSecurityExceptionFilter","pure-controller degenerate","destroy","empty",
"RenderOnDemandClosure","entity factory controller small-class","RenderOnDemandClosure","constructor",
"RenderOnDemandClosure","entity factory controller small-class","render","property non-void-command factory collaborator",
"SCMListenerTest","pure-controller degenerate small-class","onChangeLogParsed","controller stateless",
"SidACL","controller","hasPermission2","predicate non-void-command collaborator",
"SidACL","controller","_hasPermission","property non-void-command collaborator",
"SidACL","controller","toString","property controller",
"SidACL","controller","newInheritingACL","property factory controller",
"SecurityRealm","boundary","getUserIdStrategy","collaborator incidental",
"SecurityRealm","boundary","getGroupIdStrategy","property non-void-command collaborator",
"SecurityRealm","boundary","createCliAuthenticator","collaborator stateless",
"SecurityRealm","boundary","getDescriptor","property non-void-command collaborator",
"SecurityRealm","boundary","getAuthenticationGatewayUrl","incidental",
"SecurityRealm","boundary","getLoginUrl","incidental",
"SecurityRealm","boundary","canLogOut","incidental",
"SecurityRealm","boundary","getPostLogOutUrl2","property non-void-command collaborator",
"SecurityRealm","boundary","getPostLogOutUrl","property non-void-command collaborator",
"SecurityRealm","boundary","getCaptchaSupport","get collaborator",
"SecurityRealm","boundary","setCaptchaSupport","set collaborator",
"SecurityRealm","boundary","getCaptchaSupportDescriptors","wrapper stateless",
"SecurityRealm","boundary","doLogout","command collaborator",
"SecurityRealm","boundary","resetRememberMeCookie","controller stateless",
"SecurityRealm","boundary","clearStaleSessionCookies","command collaborator",
"SecurityRealm","boundary","allowsSignup","controller stateless",
"SecurityRealm","boundary","loadUserByUsername2","property non-void-command collaborator",
"SecurityRealm","boundary","loadUserByUsername","property non-void-command collaborator",
"SecurityRealm","boundary","loadGroupByGroupname2","property non-void-command collaborator",
"SecurityRealm","boundary","loadGroupByGroupname","property non-void-command collaborator",
"SecurityRealm","boundary","loadGroupByGroupname","property non-void-command collaborator",
"SecurityRealm","boundary","commenceSignup","collaborator stateless",
"SecurityRealm","boundary","doCaptcha","command collaborator",
"SecurityRealm","boundary","validateCaptcha","predicate non-void-command",
"SecurityRealm","boundary","getSecurityComponents","get set collaborator",
"SecurityRealm","boundary","createFilter","property non-void-command factory collaborator",
"SecurityRealm","boundary","commonFilters","property non-void-command collaborator",
"ChunkedInputStream","unclassified","ChunkedInputStream","constructor",
"ChunkedInputStream","unclassified","read","property non-void-command",
"ChunkedInputStream","unclassified","read","property non-void-command",
"ChunkedInputStream","unclassified","advanceChunk","predicate non-void-command",
"ChunkedInputStream","unclassified","read","property non-void-command",
"ChunkedInputStream","unclassified","readCRLF","command",
"ChunkedInputStream","unclassified","nextChunk","command",
"ChunkedInputStream","unclassified","parseTrailerHeaders","command",
"ChunkedInputStream","unclassified","close","command",
"RememberMeServicesProxy","controller","autoLogin","property controller",
"RememberMeServicesProxy","controller","loginFail","controller",
"RememberMeServicesProxy","controller","loginSuccess","controller",
"RememberMeServicesProxy","controller","setDelegate","set collaborator",
"NoopFilter","pure-controller degenerate","init","empty",
"NoopFilter","pure-controller degenerate","doFilter","controller stateless",
"NoopFilter","pure-controller degenerate","destroy","empty",
"AbstractAuthenticationToken","boundary","AbstractAuthenticationToken","constructor",
"AbstractAuthenticationToken","boundary","AbstractAuthenticationToken","constructor",
"AbstractAuthenticationToken","boundary","getName","wrapper stateless",
"AbstractAuthenticationToken","boundary","getAuthorities","get collaborator",
"AbstractAuthenticationToken","boundary","getDetails","get collaborator",
"AbstractAuthenticationToken","boundary","setDetails","set collaborator",
"AbstractAuthenticationToken","boundary","isAuthenticated","get",
"AbstractAuthenticationToken","boundary","setAuthenticated","set",
"AbstractAuthenticationToken","boundary","toString","property non-void-command",
"AbstractAuthenticationToken","boundary","equals","predicate non-void-command collaborator",
"AbstractAuthenticationToken","boundary","hashCode","property non-void-command",
"LegacyAuthorizationStrategy","data-provider boundary lazy-class small-class","LegacyAuthorizationStrategy","constructor",
"LegacyAuthorizationStrategy","data-provider boundary lazy-class small-class","getRootACL","get collaborator",
"LegacyAuthorizationStrategy","data-provider boundary lazy-class small-class","getGroups","wrapper stateless",
"JenkinsJVM","empty","JenkinsJVM","constructor",
"HttpSessionContextIntegrationFilter2","small-class","HttpSessionContextIntegrationFilter2","constructor",
"HttpSessionContextIntegrationFilter2","small-class","doFilter","command collaborator",
"HttpSessionContextIntegrationFilter2","small-class","hasInvalidSessionSeed","controller stateless",
"FullControlOnceLoggedInAuthorizationStrategy","unclassified","FullControlOnceLoggedInAuthorizationStrategy","constructor",
"FullControlOnceLoggedInAuthorizationStrategy","unclassified","getRootACL","property collaborator",
"FullControlOnceLoggedInAuthorizationStrategy","unclassified","getGroups","wrapper stateless",
"FullControlOnceLoggedInAuthorizationStrategy","unclassified","isAllowAnonymousRead","predicate",
"FullControlOnceLoggedInAuthorizationStrategy","unclassified","setAllowAnonymousRead","set",
"BasicAuthenticationFilter","boundary","init","set collaborator",
"BasicAuthenticationFilter","boundary","doFilter","command collaborator",
"BasicAuthenticationFilter","boundary","prepareRedirect","controller stateless",
"BasicAuthenticationFilter","boundary","destroy","empty",
"AuthenticationManagerProxy","small-class","authenticate","property controller",
"AuthenticationManagerProxy","small-class","setDelegate","set collaborator",
"ChainedServletFilter","commander boundary","ChainedServletFilter","constructor",
"ChainedServletFilter","commander boundary","ChainedServletFilter","constructor",
"ChainedServletFilter","commander boundary","ChainedServletFilter","constructor",
"ChainedServletFilter","commander boundary","setFilters","set collaborator",
"ChainedServletFilter","commander boundary","init","command collaborator",
"ChainedServletFilter","commander boundary","doFilter","command collaborator",
"ChainedServletFilter","commander boundary","destroy","controller",
"ACL","entity boundary","checkPermission","command collaborator",
"ACL","entity boundary","checkAnyPermission","command collaborator",
"ACL","entity boundary","hasPermission","predicate non-void-command collaborator",
"ACL","entity boundary","hasAnyPermission","predicate non-void-command collaborator",
"ACL","entity boundary","hasPermission2","predicate non-void-command collaborator",
"ACL","entity boundary","hasPermission","predicate non-void-command collaborator",
"ACL","entity boundary","checkCreatePermission","command collaborator",
"ACL","entity boundary","hasCreatePermission2","predicate non-void-command collaborator",
"ACL","entity boundary","hasCreatePermission","predicate non-void-command collaborator",
"ACL","entity boundary","checkCreatePermission","command collaborator",
"ACL","entity boundary","hasCreatePermission2","predicate non-void-command collaborator",
"ACL","entity boundary","hasCreatePermission","predicate non-void-command collaborator",
"JnaException","data-provider data-class small-class","JnaException","constructor",
"JnaException","data-provider data-class small-class","getErrorCode","get",
"AbstractItemTest","pure-controller degenerate","testSetDisplayName","controller stateless",
"AbstractItemTest","pure-controller degenerate","testGetDefaultDisplayName","controller stateless",
"AbstractItemTest","pure-controller degenerate","testSearchNameIsName","controller stateless",
"AbstractItemTest","pure-controller degenerate","testGetDisplayNameOrNull","controller stateless",
"AbstractItemTest","pure-controller degenerate","testSetDisplayNameOrNull","controller stateless",
"AbstractItemTest","pure-controller degenerate","renameMethodShouldThrowExceptionWhenNotIsNameEditable","controller stateless",
"AbstractItemTest","pure-controller degenerate","doConfirmRenameMustThrowFormFailureWhenNotIsNameEditable","controller stateless",
"UserSearchProperty","data-provider data-class small-class","UserSearchProperty","constructor",
"UserSearchProperty","data-provider data-class small-class","getInsensitiveSearch","get",
"PrettyPrintWriter","commander","PrettyPrintWriter","constructor",
"PrettyPrintWriter","commander","PrettyPrintWriter","constructor",
"PrettyPrintWriter","commander","PrettyPrintWriter","constructor",
"PrettyPrintWriter","commander","PrettyPrintWriter","constructor",
"PrettyPrintWriter","commander","PrettyPrintWriter","constructor",
"PrettyPrintWriter","commander","PrettyPrintWriter","constructor",
"PrettyPrintWriter","commander","PrettyPrintWriter","constructor",
"PrettyPrintWriter","commander","PrettyPrintWriter","constructor",
"PrettyPrintWriter","commander","PrettyPrintWriter","constructor",
"PrettyPrintWriter","commander","PrettyPrintWriter","constructor",
"PrettyPrintWriter","commander","PrettyPrintWriter","constructor",
"PrettyPrintWriter","commander","PrettyPrintWriter","constructor",
"PrettyPrintWriter","commander","startNode","command",
"PrettyPrintWriter","commander","startNode","command collaborator",
"PrettyPrintWriter","commander","setValue","command",
"PrettyPrintWriter","commander","addAttribute","command",
"PrettyPrintWriter","commander","writeAttributeValue","command",
"PrettyPrintWriter","commander","writeText","command",
"PrettyPrintWriter","commander","writeText","command",
"PrettyPrintWriter","commander","endNode","command",
"PrettyPrintWriter","commander","finishTag","command",
"PrettyPrintWriter","commander","endOfLine","command",
"PrettyPrintWriter","commander","flush","command",
"PrettyPrintWriter","commander","close","command",
"PrettyPrintWriter","commander","getNewLine","incidental",
"BuildStepDescriptor<TextendsBuildStep&Describable<T>>","empty","BuildStepDescriptor","constructor",
"BuildStepDescriptor<TextendsBuildStep&Describable<T>>","empty","BuildStepDescriptor","constructor",
"ReloadConfigurationCommand","degenerate small-class","getShortDescription","wrapper stateless",
"ReloadConfigurationCommand","degenerate small-class","run","controller stateless",
"RobustMapConverter","small-class","RobustMapConverter","constructor",
"RobustMapConverter","small-class","putCurrentEntryIntoMap","command",
"RobustMapConverter","small-class","read","get property controller",
"LogRecorder","boundary","LogRecorder","constructor",
"LogRecorder","boundary","readResolve","get non-void-command collaborator",
"LogRecorder","boundary","getLoggers","get collaborator",
"LogRecorder","boundary","setLoggers","set collaborator",
"LogRecorder","boundary","orderedTargets","property non-void-command collaborator",
"LogRecorder","boundary","doCheckName","wrapper stateless",
"LogRecorder","boundary","doAutoCompleteLoggerName","factory controller stateless",
"LogRecorder","boundary","getDisplayName","get",
"LogRecorder","boundary","getSearchUrl","property wrapper",
"LogRecorder","boundary","getName","get",
"LogRecorder","boundary","getParent","wrapper stateless",
"LogRecorder","boundary","doConfigSubmit","command collaborator",
"LogRecorder","boundary","doClear","property non-void-command collaborator",
"LogRecorder","boundary","load","command",
"LogRecorder","boundary","save","command",
"LogRecorder","boundary","handlePluginUpdatingLegacyLogManagerMap","command",
"LogRecorder","boundary","equals","predicate non-void-command collaborator",
"LogRecorder","boundary","hashCode","property wrapper",
"LogRecorder","boundary","doDoDelete","command collaborator",
"LogRecorder","boundary","delete","command",
"LogRecorder","boundary","doRss","command collaborator",
"LogRecorder","boundary","getConfigFile","property factory wrapper",
"LogRecorder","boundary","getLogRecords","property non-void-command collaborator",
"LogRecorder","boundary","getSlaveLogRecords","property factory controller",
"HudsonFilter","commander boundary","init","command collaborator",
"HudsonFilter","commander boundary","reset","command collaborator",
"HudsonFilter","commander boundary","doFilter","command collaborator",
"HudsonFilter","commander boundary","destroy","command",
"ParsedQuickSilver","pure-controller degenerate","ParsedQuickSilver","constructor",
"ParsedQuickSilver","pure-controller degenerate","splitName","controller stateless",
"ParsedQuickSilver","pure-controller degenerate","stripGetPrefix","controller stateless",
"ParsedQuickSilver","pure-controller degenerate","addTo","controller",
"ExtensionFinder","boundary degenerate","findExtensions","wrapper stateless",
"ExtensionFinder","boundary degenerate","isRefreshable","wrapper stateless",
"ExtensionFinder","boundary degenerate","_find","wrapper stateless",
"ExtensionFinder","boundary degenerate","scout","empty",
"ExtensionFinder","boundary degenerate","getMethodAndInterfaceDeclarations","factory controller stateless",
"PluginDeprecationMonitor","entity boundary degenerate","getDisplayName","wrapper stateless",
"PluginDeprecationMonitor","entity boundary degenerate","isActivated","predicate non-void-command",
"PluginDeprecationMonitor","entity boundary degenerate","getDeprecatedPlugins","wrapper stateless",
"QueryBuilder","small-class","QueryBuilder","constructor",
"QueryBuilder","small-class","add","get non-void-command",
"QueryBuilder","small-class","toString","property non-void-command",
"CLIRegisterer","degenerate","refresh","collaborator incidental",
"CLIRegisterer","degenerate","find","property non-void-command collaborator",
"CLIRegisterer","degenerate","findResolver","controller stateless",
"CLIRegisterer","degenerate","discover","property non-void-command factory collaborator",
"CLIRegisterer","degenerate","loadMessageBundle","controller stateless",
"WorkspaceCleanupThread","entity boundary","WorkspaceCleanupThread","constructor",
"WorkspaceCleanupThread","entity boundary","getRecurrencePeriod","property",
"WorkspaceCleanupThread","entity boundary","execute","command collaborator",
"WorkspaceCleanupThread","entity boundary","shouldBeDeleted","predicate non-void-command collaborator",
"SCM","boundary","getApi","property factory collaborator",
"SCM","boundary","getBrowser","collaborator incidental",
"SCM","boundary","getType","wrapper stateless",
"SCM","boundary","getEffectiveBrowser","property non-void-command collaborator",
"SCM","boundary","supportsPolling","incidental",
"SCM","boundary","requiresWorkspaceForPolling","incidental",
"SCM","boundary","processWorkspaceBeforeDeletion","predicate non-void-command collaborator",
"SCM","boundary","processWorkspaceBeforeDeletion","predicate non-void-command collaborator",
"SCM","boundary","pollChanges","collaborator stateless",
"SCM","boundary","calcRevisionsFromBuild","property non-void-command collaborator",
"SCM","boundary","calcRevisionsFromBuild","property non-void-command collaborator",
"SCM","boundary","_calcRevisionsFromBuild","property non-void-command collaborator",
"SCM","boundary","compareRemoteRevisionWith","property non-void-command collaborator",
"SCM","boundary","compareRemoteRevisionWith","property non-void-command collaborator",
"SCM","boundary","poll","property non-void-command collaborator",
"SCM","boundary","is1_346OrLater","controller stateless",
"SCM","boundary","getKey","property non-void-command",
"SCM","boundary","checkout","command collaborator",
"SCM","boundary","checkout","predicate non-void-command collaborator",
"SCM","boundary","postCheckout","command collaborator",
"SCM","boundary","postCheckout","command collaborator",
"SCM","boundary","buildEnvironment","command",
"SCM","boundary","buildEnvVars","command",
"SCM","boundary","getModuleRoot","property non-void-command collaborator",
"SCM","boundary","getModuleRoot","property non-void-command collaborator",
"SCM","boundary","getModuleRoots","property non-void-command factory collaborator",
"SCM","boundary","getModuleRoots","property non-void-command factory collaborator",
"SCM","boundary","getDescriptor","wrapper stateless",
"SCM","boundary","createEmptyChangeLog","predicate non-void-command",
"SCM","boundary","createEmptyChangeLog","wrapper stateless",
"SCM","boundary","nullify","controller stateless",
"SCM","boundary","guessBrowser","collaborator incidental",
"AccessDeniedException2","entity commander boundary","AccessDeniedException2","constructor",
"AccessDeniedException2","entity commander boundary","AccessDeniedException2","constructor",
"AccessDeniedException2","entity commander boundary","reportAsHeaders","command collaborator",
"AccessDeniedException2","entity commander boundary","report","command collaborator",
"AccessDeniedException2","entity commander boundary","toSpring","property non-void-command collaborator",
"GlobalProjectNamingStrategyConfiguration","degenerate small-class","configure","controller stateless",
"GlobalProjectNamingStrategyConfiguration","degenerate small-class","getRequiredGlobalConfigPagePermission","collaborator incidental",
"EmptyChangeLogSet","degenerate small-class","EmptyChangeLogSet","constructor",
"EmptyChangeLogSet","degenerate small-class","isEmptySet","incidental",
"EmptyChangeLogSet","degenerate small-class","iterator","wrapper stateless",
"ClassLoaderSanityThreadFactory","entity boundary small-class","ClassLoaderSanityThreadFactory","constructor",
"ClassLoaderSanityThreadFactory","entity boundary small-class","newThread","property non-void-command collaborator",
"ChangeLogSet<TextendsChangeLogSet.Entry>","data-provider boundary","ChangeLogSet","constructor",
"ChangeLogSet<TextendsChangeLogSet.Entry>","data-provider boundary","ChangeLogSet","constructor",
"ChangeLogSet<TextendsChangeLogSet.Entry>","data-provider boundary","getRun","get collaborator",
"ChangeLogSet<TextendsChangeLogSet.Entry>","data-provider boundary","getBrowser","get collaborator",
"ChangeLogSet<TextendsChangeLogSet.Entry>","data-provider boundary","getItems","property controller",
"ChangeLogSet<TextendsChangeLogSet.Entry>","data-provider boundary","getKind","incidental",
"ChangeLogParser","entity boundary small-class","parse","property non-void-command collaborator",
"ChangeLogParser","entity boundary small-class","parse","property non-void-command collaborator",
"ChangeLogAnnotator","entity boundary","annotate","command collaborator",
"ChangeLogAnnotator","entity boundary","annotate","command collaborator",
"ChangeLogAnnotator","entity boundary","register","wrapper",
"ChangeLogAnnotator","entity boundary","unregister","predicate wrapper",
"SCMTriggerTest","pure-controller degenerate small-class","testNoNPE","controller stateless",
"CoreEnvironmentContributor","pure-controller degenerate small-class","buildEnvironmentFor","controller stateless",
"CoreEnvironmentContributor","pure-controller degenerate small-class","buildEnvironmentFor","controller stateless",
"Remote","boundary","Remote","constructor",
"Remote","boundary","Remote","constructor",
"Remote","boundary","get","collaborator incidental",
"Remote","boundary","killAll","command",
"Remote","boundary","writeReplace","get collaborator",
"AbstractScmTagAction","boundary","AbstractScmTagAction","constructor",
"AbstractScmTagAction","boundary","AbstractScmTagAction","constructor",
"AbstractScmTagAction","boundary","getUrlName","incidental",
"AbstractScmTagAction","boundary","getPermission","collaborator incidental",
"AbstractScmTagAction","boundary","getRun","get collaborator",
"AbstractScmTagAction","boundary","getBuild","get collaborator",
"AbstractScmTagAction","boundary","getTooltip","incidental",
"AbstractScmTagAction","boundary","getACL","property non-void-command collaborator",
"AbstractScmTagAction","boundary","doIndex","command collaborator",
"AbstractScmTagAction","boundary","chooseAction","property",
"AbstractScmTagAction","boundary","onAttached","empty",
"AbstractScmTagAction","boundary","onLoad","command collaborator",
"AbstractDescribableImpl<TextendsAbstractDescribableImpl<T>>","boundary degenerate small-class","getDescriptor","wrapper stateless",
"SimpleScheduledRetentionStrategy","unclassified","SimpleScheduledRetentionStrategy","constructor",
"SimpleScheduledRetentionStrategy","unclassified","getUpTimeMins","get",
"SimpleScheduledRetentionStrategy","unclassified","isKeepUpWhenActive","get",
"SimpleScheduledRetentionStrategy","unclassified","getStartTimeSpec","get",
"SimpleScheduledRetentionStrategy","unclassified","updateStartStopWindow","command",
"SimpleScheduledRetentionStrategy","unclassified","readResolve","get non-void-command collaborator",
"SimpleScheduledRetentionStrategy","unclassified","isManualLaunchAllowed","predicate non-void-command collaborator",
"SimpleScheduledRetentionStrategy","unclassified","isAcceptingTasks","predicate non-void-command collaborator",
"SimpleScheduledRetentionStrategy","unclassified","check","property non-void-command collaborator",
"SimpleScheduledRetentionStrategy","unclassified","isOnlineScheduled","predicate non-void-command",
"PosixException","empty","PosixException","constructor",
"PosixException","empty","PosixException","constructor",
"SetBuildDescriptionCommand","boundary lazy-class small-class","getShortDescription","wrapper stateless",
"SetBuildDescriptionCommand","boundary lazy-class small-class","run","property set collaborator",
"ViewsTabBar","controller small-class","getDescriptor","property non-void-command collaborator",
"ViewsTabBar","controller small-class","sort","factory controller stateless",
"BuildTimelineWidget","unclassified","BuildTimelineWidget","constructor",
"BuildTimelineWidget","unclassified","getFirstBuild","property non-void-command collaborator",
"BuildTimelineWidget","unclassified","getLastBuild","property non-void-command collaborator",
"BuildTimelineWidget","unclassified","doData","controller stateless",
"TemporarySpaceMonitor","entity boundary","TemporarySpaceMonitor","constructor",
"TemporarySpaceMonitor","entity boundary","TemporarySpaceMonitor","constructor",
"TemporarySpaceMonitor","entity boundary","getThresholdBytes","property non-void-command collaborator",
"TemporarySpaceMonitor","entity boundary","getWarningThresholdBytes","property non-void-command collaborator",
"TemporarySpaceMonitor","entity boundary","getFreeSpace","property non-void-command collaborator",
"TemporarySpaceMonitor","entity boundary","getColumnCaption","property non-void-command",
"NodeMonitor","unclassified","getColumnCaption","property non-void-command",
"NodeMonitor","unclassified","getDescriptor","wrapper stateless",
"NodeMonitor","unclassified","data","property non-void-command collaborator",
"NodeMonitor","unclassified","triggerUpdate","property non-void-command collaborator",
"NodeMonitor","unclassified","isIgnored","get",
"NodeMonitor","unclassified","setIgnored","set",
"InstallationJob","unclassified","InstallationJob","constructor",
"InstallationJob","unclassified","InstallationJob","constructor",
"InstallationJob","unclassified","InstallationJob","constructor",
"InstallationJob","unclassified","getURL","property factory collaborator",
"InstallationJob","unclassified","getDestination","property factory collaborator",
"InstallationJob","unclassified","getLegacyDestination","property factory collaborator",
"InstallationJob","unclassified","getName","get",
"InstallationJob","unclassified","getDisplayName","property non-void-command",
"InstallationJob","unclassified","getContentLength","property non-void-command",
"InstallationJob","unclassified","_run","command collaborator",
"InstallationJob","unclassified","wasInstalled","predicate non-void-command",
"InstallationJob","unclassified","onSuccess","set",
"InstallationJob","unclassified","toString","property non-void-command",
"InstallationJob","unclassified","replace","command collaborator",
"InstallationJob","unclassified","setBatch","set collaborator",
"MonitorMarkedNodeOffline","data-provider lazy-class small-class","getDisplayName","wrapper stateless",
"MonitorMarkedNodeOffline","data-provider lazy-class small-class","isActivated","get",
"PermissionGroup","unclassified","PermissionGroup","constructor",
"PermissionGroup","unclassified","PermissionGroup","constructor",
"PermissionGroup","unclassified","getId","get",
"PermissionGroup","unclassified","getOwnerClassName","property non-void-command",
"PermissionGroup","unclassified","iterator","property non-void-command collaborator",
"PermissionGroup","unclassified","add","command collaborator",
"PermissionGroup","unclassified","getPermissions","property factory collaborator",
"PermissionGroup","unclassified","hasPermissionContainedBy","predicate controller",
"PermissionGroup","unclassified","find","property controller",
"PermissionGroup","unclassified","compareTo","property non-void-command",
"PermissionGroup","unclassified","compareOrder","property",
"PermissionGroup","unclassified","equals","predicate non-void-command collaborator",
"PermissionGroup","unclassified","hashCode","property non-void-command",
"PermissionGroup","unclassified","size","property non-void-command",
"PermissionGroup","unclassified","toString","property non-void-command",
"DiskSpaceMonitor","entity boundary","DiskSpaceMonitor","constructor",
"DiskSpaceMonitor","entity boundary","DiskSpaceMonitor","constructor",
"DiskSpaceMonitor","entity boundary","getThresholdBytes","property non-void-command collaborator",
"DiskSpaceMonitor","entity boundary","getWarningThresholdBytes","property non-void-command collaborator",
"DiskSpaceMonitor","entity boundary","getFreeSpace","property non-void-command collaborator",
"DiskSpaceMonitor","entity boundary","getColumnCaption","property non-void-command",
"NodeProvisioner","entity commander boundary","NodeProvisioner","constructor",
"NodeProvisioner","entity commander boundary","getPendingLaunches","property non-void-command factory collaborator",
"NodeProvisioner","entity commander boundary","suggestReviewNow","command",
"NodeProvisioner","entity commander boundary","update","command collaborator",
"WebSocketSession","commander","WebSocketSession","constructor",
"WebSocketSession","commander","startPings","command collaborator",
"WebSocketSession","commander","stopPings","command",
"WebSocketSession","commander","opened","empty",
"WebSocketSession","commander","closed","empty",
"WebSocketSession","commander","error","command collaborator",
"WebSocketSession","commander","binary","command",
"WebSocketSession","commander","text","command",
"WebSocketSession","commander","sendBinary","property non-void-command collaborator",
"WebSocketSession","commander","sendBinary","command",
"WebSocketSession","commander","sendText","property non-void-command collaborator",
"WebSocketSession","commander","close","command",
"RunMap<RextendsRun<?,R>>","boundary","RunMap","constructor",
"RunMap<RextendsRun<?,R>>","boundary","RunMap","constructor",
"RunMap<RextendsRun<?,R>>","boundary","RunMap","constructor",
"RunMap<RextendsRun<?,R>>","boundary","RunMap","constructor",
"RunMap<RextendsRun<?,R>>","boundary","remove","predicate non-void-command collaborator",
"RunMap<RextendsRun<?,R>>","boundary","iterator","property non-void-command factory collaborator",
"RunMap<RextendsRun<?,R>>","boundary","removeValue","predicate non-void-command collaborator",
"RunMap<RextendsRun<?,R>>","boundary","getView","get collaborator",
"RunMap<RextendsRun<?,R>>","boundary","newestValue","property non-void-command collaborator",
"RunMap<RextendsRun<?,R>>","boundary","oldestValue","property non-void-command collaborator",
"RunMap<RextendsRun<?,R>>","boundary","getNumberOf","controller stateless",
"RunMap<RextendsRun<?,R>>","boundary","getIdOf","controller stateless",
"RunMap<RextendsRun<?,R>>","boundary","put","property non-void-command collaborator",
"RunMap<RextendsRun<?,R>>","boundary","getById","property non-void-command collaborator",
"RunMap<RextendsRun<?,R>>","boundary","createReference","controller stateless",
"RunMap<RextendsRun<?,R>>","boundary","allowLoad","predicate non-void-command collaborator",
"RunMap<RextendsRun<?,R>>","boundary","retrieve","property non-void-command collaborator",
"RunMap<RextendsRun<?,R>>","boundary","load","set collaborator",
"Cause","commander boundary","onAddedTo","command collaborator",
"Cause","commander boundary","onAddedTo","command collaborator",
"Cause","commander boundary","onLoad","command collaborator",
"Cause","commander boundary","onLoad","command collaborator",
"Cause","commander boundary","onLoad","command collaborator",
"Cause","commander boundary","print","controller stateless",
"StaplerSignaturesTest","boundary degenerate small-class","testSignaturesSimple","wrapper stateless",
"StaplerSignaturesTest","boundary degenerate small-class","testSignaturesInheritance","wrapper stateless",
"ConfigureLink","boundary degenerate","getIconFileName","incidental",
"ConfigureLink","boundary degenerate","getDisplayName","wrapper stateless",
"ConfigureLink","boundary degenerate","getDescription","wrapper stateless",
"ConfigureLink","boundary degenerate","getRequiredPermission","collaborator incidental",
"ConfigureLink","boundary degenerate","getUrlName","incidental",
"ConfigureLink","boundary degenerate","getCategory","collaborator incidental",
"FutureLoad","data-provider small-class","FutureLoad","constructor",
"FutureLoad","data-provider small-class","toString","property",
"SlaveComputer","boundary","SlaveComputer","constructor",
"SlaveComputer","boundary","decorate","property non-void-command collaborator",
"SlaveComputer","boundary","isAcceptingTasks","predicate non-void-command",
"SlaveComputer","boundary","getJnlpMac","property non-void-command",
"SlaveComputer","boundary","setAcceptingTasks","set",
"SlaveComputer","boundary","isUnix","get collaborator",
"SlaveComputer","boundary","getNode","property non-void-command collaborator",
"SlaveComputer","boundary","getListener","get collaborator",
"SlaveComputer","boundary","getIconClassName","property non-void-command collaborator",
"SlaveComputer","boundary","isJnlpAgent","predicate",
"SlaveComputer","boundary","isLaunchSupported","predicate non-void-command",
"SlaveComputer","boundary","getLauncher","get collaborator",
"SlaveComputer","boundary","getDelegatedLauncher","property non-void-command collaborator",
"SlaveComputer","boundary","_connect","get property non-void-command collaborator",
"SlaveComputer","boundary","taskAccepted","command collaborator",
"SlaveComputer","boundary","taskStarted","command collaborator",
"SlaveComputer","boundary","taskCompleted","command collaborator",
"SlaveComputer","boundary","taskCompletedWithProblems","command collaborator",
"SlaveComputer","boundary","isConnecting","predicate non-void-command collaborator",
"SlaveComputer","boundary","openLogFile","property non-void-command collaborator",
"SlaveComputer","boundary","setChannel","command collaborator",
"SlaveComputer","boundary","setChannel","command collaborator",
"SlaveComputer","boundary","setChannel","command collaborator",
"SlaveComputer","boundary","getClassLoadingCount","property non-void-command",
"SlaveComputer","boundary","getClassLoadingPrefetchCacheCount","property non-void-command",
"SlaveComputer","boundary","getResourceLoadingCount","property non-void-command",
"SlaveComputer","boundary","getClassLoadingTime","property non-void-command",
"SlaveComputer","boundary","getResourceLoadingTime","property non-void-command",
"SlaveComputer","boundary","getAbsoluteRemoteFs","property",
"SlaveComputer","boundary","getAbsoluteRemotePath","property non-void-command",
"SlaveComputer","boundary","setChannel","command collaborator",
"SlaveComputer","boundary","getChannel","get collaborator",
"SlaveComputer","boundary","getDefaultCharset","get collaborator",
"SlaveComputer","boundary","getLogRecords","property non-void-command collaborator",
"SlaveComputer","boundary","doSubmitDescription","command collaborator",
"SlaveComputer","boundary","doDoDisconnect","property non-void-command factory collaborator",
"SlaveComputer","boundary","disconnect","property non-void-command collaborator",
"SlaveComputer","boundary","doLaunchSlaveAgent","command collaborator",
"SlaveComputer","boundary","tryReconnect","command",
"SlaveComputer","boundary","getJnlpJars","factory collaborator stateless",
"SlaveComputer","boundary","doSlaveAgentJnlp","property non-void-command collaborator",
"SlaveComputer","boundary","doJenkinsAgentJnlp","property non-void-command factory collaborator",
"SlaveComputer","boundary","getTarget","get property non-void-command factory collaborator",
"SlaveComputer","boundary","kill","command",
"SlaveComputer","boundary","getRetentionStrategy","property non-void-command collaborator",
"SlaveComputer","boundary","closeChannel","command collaborator",
"SlaveComputer","boundary","setNode","command collaborator",
"SlaveComputer","boundary","grabLauncher","property non-void-command collaborator",
"SlaveComputer","boundary","getSlaveVersion","property non-void-command",
"SlaveComputer","boundary","getOSDescription","property non-void-command",
"SlaveComputer","boundary","getEnvVarsFull","property non-void-command",
"GlobalNodePropertiesConfiguration","pure-controller degenerate small-class","configure","controller stateless",
"ItemListener","commander degenerate","onCreated","empty",
"ItemListener","commander degenerate","onCheckCopy","empty",
"ItemListener","commander degenerate","onCopied","command collaborator",
"ItemListener","commander degenerate","onLoaded","empty",
"ItemListener","commander degenerate","onDeleted","empty",
"ItemListener","commander degenerate","onRenamed","empty",
"ItemListener","commander degenerate","onLocationChanged","empty",
"ItemListener","commander degenerate","onUpdated","empty",
"ItemListener","commander degenerate","onBeforeShutdown","empty",
"ItemListener","commander degenerate","register","wrapper",
"DumbSlave","empty","DumbSlave","constructor",
"DumbSlave","empty","DumbSlave","constructor",
"DumbSlave","empty","DumbSlave","constructor",
"CrumbIssuer","entity boundary","getCrumbRequestField","property non-void-command",
"CrumbIssuer","entity boundary","getCrumb","property non-void-command",
"CrumbIssuer","entity boundary","getCrumb","property non-void-command collaborator",
"CrumbIssuer","entity boundary","validateCrumb","predicate non-void-command collaborator",
"CrumbIssuer","entity boundary","validateCrumb","predicate non-void-command collaborator",
"CrumbIssuer","entity boundary","getDescriptor","wrapper stateless",
"CrumbIssuer","entity boundary","getApi","property factory collaborator",
"SCMListener","entity boundary","onCheckout","empty",
"SCMListener","entity boundary","onChangeLogParsed","command collaborator",
"SCMListener","entity boundary","onChangeLogParsed","command collaborator",
"SCMListener","entity boundary","register","wrapper",
"SCMListener","entity boundary","unregister","predicate wrapper",
"Job<JobTextendsJob<JobT,RunT>,RunTextendsRun<JobT,RunT>>","boundary","Job","constructor",
"Job<JobTextendsJob<JobT,RunT>,RunTextendsRun<JobT,RunT>>","boundary","save","set",
"Job<JobTextendsJob<JobT,RunT>,RunTextendsRun<JobT,RunT>>","boundary","onCreatedFromScratch","command",
"Job<JobTextendsJob<JobT,RunT>,RunTextendsRun<JobT,RunT>>","boundary","onLoad","command collaborator",
"Job<JobTextendsJob<JobT,RunT>,RunTextendsRun<JobT,RunT>>","boundary","onCopiedFrom","command collaborator",
"Job<JobTextendsJob<JobT,RunT>,RunTextendsRun<JobT,RunT>>","boundary","getNextBuildNumberFile","property non-void-command factory collaborator",
"Job<JobTextendsJob<JobT,RunT>,RunTextendsRun<JobT,RunT>>","boundary","isHoldOffBuildUntilSave","get",
"Job<JobTextendsJob<JobT,RunT>,RunTextendsRun<JobT,RunT>>","boundary","saveNextBuildNumber","set",
"Job<JobTextendsJob<JobT,RunT>,RunTextendsRun<JobT,RunT>>","boundary","isInQueue","incidental",
"Job<JobTextendsJob<JobT,RunT>,RunTextendsRun<JobT,RunT>>","boundary","getQueueItem","collaborator incidental",
"Job<JobTextendsJob<JobT,RunT>,RunTextendsRun<JobT,RunT>>","boundary","isBuilding","predicate non-void-command collaborator",
"Job<JobTextendsJob<JobT,RunT>,RunTextendsRun<JobT,RunT>>","boundary","isLogUpdated","predicate non-void-command collaborator",
"Job<JobTextendsJob<JobT,RunT>,RunTextendsRun<JobT,RunT>>","boundary","getPronoun","property wrapper",
"Job<JobTextendsJob<JobT,RunT>,RunTextendsRun<JobT,RunT>>","boundary","isNameEditable","incidental",
"Job<JobTextendsJob<JobT,RunT>,RunTextendsRun<JobT,RunT>>","boundary","isKeepDependencies","get",
"Job<JobTextendsJob<JobT,RunT>,RunTextendsRun<JobT,RunT>>","boundary","assignBuildNumber","property set",
"Job<JobTextendsJob<JobT,RunT>,RunTextendsRun<JobT,RunT>>","boundary","getNextBuildNumber","get",
"Job<JobTextendsJob<JobT,RunT>,RunTextendsRun<JobT,RunT>>","boundary","getCharacteristicEnvVars","non-void-command factory collaborator",
"Job<JobTextendsJob<JobT,RunT>,RunTextendsRun<JobT,RunT>>","boundary","getEnvironment","non-void-command factory collaborator",
"Job<JobTextendsJob<JobT,RunT>,RunTextendsRun<JobT,RunT>>","boundary","updateNextBuildNumber","command collaborator",
"Job<JobTextendsJob<JobT,RunT>,RunTextendsRun<JobT,RunT>>","boundary","fastUpdateNextBuildNumber","set",
"Job<JobTextendsJob<JobT,RunT>,RunTextendsRun<JobT,RunT>>","boundary","getBuildDiscarder","property non-void-command collaborator",
"Job<JobTextendsJob<JobT,RunT>,RunTextendsRun<JobT,RunT>>","boundary","setBuildDiscarder","command collaborator",
"Job<JobTextendsJob<JobT,RunT>,RunTextendsRun<JobT,RunT>>","boundary","getLogRotator","property non-void-command collaborator",
"Job<JobTextendsJob<JobT,RunT>,RunTextendsRun<JobT,RunT>>","boundary","setLogRotator","command collaborator",
"Job<JobTextendsJob<JobT,RunT>,RunTextendsRun<JobT,RunT>>","boundary","logRotate","command collaborator",
"Job<JobTextendsJob<JobT,RunT>,RunTextendsRun<JobT,RunT>>","boundary","supportsLogRotator","incidental",
"Job<JobTextendsJob<JobT,RunT>,RunTextendsRun<JobT,RunT>>","boundary","makeSearchIndex","property non-void-command collaborator",
"Job<JobTextendsJob<JobT,RunT>,RunTextendsRun<JobT,RunT>>","boundary","getAllJobs","property wrapper",
"Job<JobTextendsJob<JobT,RunT>,RunTextendsRun<JobT,RunT>>","boundary","addProperty","command collaborator",
"Job<JobTextendsJob<JobT,RunT>,RunTextendsRun<JobT,RunT>>","boundary","removeProperty","command collaborator",
"Job<JobTextendsJob<JobT,RunT>,RunTextendsRun<JobT,RunT>>","boundary","removeProperty","property non-void-command collaborator",
"Job<JobTextendsJob<JobT,RunT>,RunTextendsRun<JobT,RunT>>","boundary","getProperties","property controller",
"Job<JobTextendsJob<JobT,RunT>,RunTextendsRun<JobT,RunT>>","boundary","getAllProperties","property set collaborator",
"Job<JobTextendsJob<JobT,RunT>,RunTextendsRun<JobT,RunT>>","boundary","getProperty","property non-void-command collaborator",
"Job<JobTextendsJob<JobT,RunT>,RunTextendsRun<JobT,RunT>>","boundary","_getProperty","property controller",
"Job<JobTextendsJob<JobT,RunT>,RunTextendsRun<JobT,RunT>>","boundary","getProperty","property non-void-command collaborator",
"Job<JobTextendsJob<JobT,RunT>,RunTextendsRun<JobT,RunT>>","boundary","getOverrides","factory controller",
"Job<JobTextendsJob<JobT,RunT>,RunTextendsRun<JobT,RunT>>","boundary","createHistoryWidget","collaborator stateless",
"Job<JobTextendsJob<JobT,RunT>,RunTextendsRun<JobT,RunT>>","boundary","renameTo","command collaborator",
"Job<JobTextendsJob<JobT,RunT>,RunTextendsRun<JobT,RunT>>","boundary","movedTo","command collaborator",
"Job<JobTextendsJob<JobT,RunT>,RunTextendsRun<JobT,RunT>>","boundary","delete","command",
"Job<JobTextendsJob<JobT,RunT>,RunTextendsRun<JobT,RunT>>","boundary","getBuilds","property set collaborator",
"Job<JobTextendsJob<JobT,RunT>,RunTextendsRun<JobT,RunT>>","boundary","getNewBuilds","property set collaborator",
"Job<JobTextendsJob<JobT,RunT>,RunTextendsRun<JobT,RunT>>","boundary","getBuilds","non-void-command factory collaborator",
"Job<JobTextendsJob<JobT,RunT>,RunTextendsRun<JobT,RunT>>","boundary","getBuildsAsMap","wrapper stateless",
"Job<JobTextendsJob<JobT,RunT>,RunTextendsRun<JobT,RunT>>","boundary","getBuild","controller stateless",
"Job<JobTextendsJob<JobT,RunT>,RunTextendsRun<JobT,RunT>>","boundary","getBuildByNumber","wrapper stateless",
"Job<JobTextendsJob<JobT,RunT>,RunTextendsRun<JobT,RunT>>","boundary","getBuildsByTimestamp","property non-void-command collaborator",
"Job<JobTextendsJob<JobT,RunT>,RunTextendsRun<JobT,RunT>>","boundary","getBuildForCLI","property non-void-command collaborator",
"Job<JobTextendsJob<JobT,RunT>,RunTextendsRun<JobT,RunT>>","boundary","getNearestBuild","controller stateless",
"Job<JobTextendsJob<JobT,RunT>,RunTextendsRun<JobT,RunT>>","boundary","getNearestOldBuild","controller stateless",
"Job<JobTextendsJob<JobT,RunT>,RunTextendsRun<JobT,RunT>>","boundary","getDynamic","property non-void-command collaborator",
"Job<JobTextendsJob<JobT,RunT>,RunTextendsRun<JobT,RunT>>","boundary","getBuildDir","property non-void-command factory collaborator",
"Job<JobTextendsJob<JobT,RunT>,RunTextendsRun<JobT,RunT>>","boundary","getLastBuild","controller stateless",
"Job<JobTextendsJob<JobT,RunT>,RunTextendsRun<JobT,RunT>>","boundary","getFirstBuild","controller stateless",
"Job<JobTextendsJob<JobT,RunT>,RunTextendsRun<JobT,RunT>>","boundary","getLastSuccessfulBuild","property wrapper",
"Job<JobTextendsJob<JobT,RunT>,RunTextendsRun<JobT,RunT>>","boundary","getLastUnsuccessfulBuild","property wrapper",
"Job<JobTextendsJob<JobT,RunT>,RunTextendsRun<JobT,RunT>>","boundary","getLastUnstableBuild","property wrapper",
"Job<JobTextendsJob<JobT,RunT>,RunTextendsRun<JobT,RunT>>","boundary","getLastStableBuild","property wrapper",
"Job<JobTextendsJob<JobT,RunT>,RunTextendsRun<JobT,RunT>>","boundary","getLastFailedBuild","property wrapper",
"Job<JobTextendsJob<JobT,RunT>,RunTextendsRun<JobT,RunT>>","boundary","getLastCompletedBuild","property wrapper",
"Job<JobTextendsJob<JobT,RunT>,RunTextendsRun<JobT,RunT>>","boundary","getLastBuildsOverThreshold","property non-void-command collaborator",
"Job<JobTextendsJob<JobT,RunT>,RunTextendsRun<JobT,RunT>>","boundary","getEstimatedDurationCandidates","non-void-command factory collaborator",
"Job<JobTextendsJob<JobT,RunT>,RunTextendsRun<JobT,RunT>>","boundary","getEstimatedDuration","property non-void-command collaborator",
"Job<JobTextendsJob<JobT,RunT>,RunTextendsRun<JobT,RunT>>","boundary","getPermalinks","non-void-command factory collaborator",
"Job<JobTextendsJob<JobT,RunT>,RunTextendsRun<JobT,RunT>>","boundary","doRssChangelog","command collaborator",
"Job<JobTextendsJob<JobT,RunT>,RunTextendsRun<JobT,RunT>>","boundary","doChildrenContextMenu","non-void-command factory collaborator",
"Job<JobTextendsJob<JobT,RunT>,RunTextendsRun<JobT,RunT>>","boundary","getIconColor","property set collaborator",
"Job<JobTextendsJob<JobT,RunT>,RunTextendsRun<JobT,RunT>>","boundary","getBuildHealth","property non-void-command collaborator",
"Job<JobTextendsJob<JobT,RunT>,RunTextendsRun<JobT,RunT>>","boundary","getBuildHealthReports","non-void-command factory collaborator",
"Job<JobTextendsJob<JobT,RunT>,RunTextendsRun<JobT,RunT>>","boundary","getBuildStabilityHealthReport","property non-void-command factory collaborator",
"Job<JobTextendsJob<JobT,RunT>,RunTextendsRun<JobT,RunT>>","boundary","doConfigSubmit","command collaborator",
"Job<JobTextendsJob<JobT,RunT>,RunTextendsRun<JobT,RunT>>","boundary","submit","empty",
"Job<JobTextendsJob<JobT,RunT>,RunTextendsRun<JobT,RunT>>","boundary","doDescription","command collaborator",
"Job<JobTextendsJob<JobT,RunT>,RunTextendsRun<JobT,RunT>>","boundary","doBuildStatus","command collaborator",
"Job<JobTextendsJob<JobT,RunT>,RunTextendsRun<JobT,RunT>>","boundary","getBuildStatusUrl","property non-void-command",
"Job<JobTextendsJob<JobT,RunT>,RunTextendsRun<JobT,RunT>>","boundary","getBuildStatusIconClassName","property non-void-command",
"Job<JobTextendsJob<JobT,RunT>,RunTextendsRun<JobT,RunT>>","boundary","getBuildTimeGraph","property non-void-command factory collaborator",
"Job<JobTextendsJob<JobT,RunT>,RunTextendsRun<JobT,RunT>>","boundary","getLastBuildTime","property non-void-command factory collaborator",
"Job<JobTextendsJob<JobT,RunT>,RunTextendsRun<JobT,RunT>>","boundary","doDoRename","non-void-command collaborator",
"Job<JobTextendsJob<JobT,RunT>,RunTextendsRun<JobT,RunT>>","boundary","checkRename","command",
"Job<JobTextendsJob<JobT,RunT>,RunTextendsRun<JobT,RunT>>","boundary","doRssAll","command collaborator",
"Job<JobTextendsJob<JobT,RunT>,RunTextendsRun<JobT,RunT>>","boundary","doRssFailed","command collaborator",
"Job<JobTextendsJob<JobT,RunT>,RunTextendsRun<JobT,RunT>>","boundary","getACL","property non-void-command collaborator",
"Job<JobTextendsJob<JobT,RunT>,RunTextendsRun<JobT,RunT>>","boundary","getTimeline","property non-void-command factory collaborator",
"LegacySecurityRealm","boundary degenerate","LegacySecurityRealm","constructor",
"LegacySecurityRealm","boundary degenerate","createSecurityComponents","property factory collaborator",
"LegacySecurityRealm","boundary degenerate","authenticate","collaborator incidental",
"LegacySecurityRealm","boundary degenerate","getAuthenticationGatewayUrl","incidental",
"LegacySecurityRealm","boundary degenerate","getLoginUrl","incidental",
"LegacySecurityRealm","boundary degenerate","createFilter","property non-void-command factory collaborator",
"UrlPluginCopier","pure-controller small-class","UrlPluginCopier","constructor",
"UrlPluginCopier","pure-controller small-class","copy","controller",
"UrlPluginCopier","pure-controller small-class","cleanup","empty",
"NotReallyRoleSensitiveCallable<V,TextendsThrowable>","boundary degenerate small-class","checkRoles","collaborator stateless",
"LabelExpression","small-class","LabelExpression","constructor",
"LabelExpression","small-class","getExpression","property non-void-command",
"DualOutputStream","commander","DualOutputStream","constructor",
"DualOutputStream","commander","write","command",
"DualOutputStream","commander","write","void-accessor command",
"DualOutputStream","commander","write","void-accessor command",
"DualOutputStream","commander","flush","command",
"DualOutputStream","commander","close","command",
"HMACConfidentialKeyTest","unclassified","basics","command",
"HMACConfidentialKeyTest","unclassified","loadingExistingKey","command",
"HMACConfidentialKeyTest","unclassified","testTruncatedMacOnNonFips","controller stateless",
"ItemDeletion","entity boundary small-class","_contains","predicate non-void-command collaborator",
"ItemDeletion","entity boundary small-class","shouldSchedule","predicate non-void-command collaborator",
"ViewPropertyDescriptor","boundary degenerate small-class","ViewPropertyDescriptor","constructor",
"ViewPropertyDescriptor","boundary degenerate small-class","ViewPropertyDescriptor","constructor",
"ViewPropertyDescriptor","boundary degenerate small-class","newInstance","collaborator incidental",
"ViewPropertyDescriptor","boundary degenerate small-class","isEnabledFor","collaborator incidental",
"TransientUserActionFactory","boundary degenerate small-class","createFor","wrapper stateless",
"HudsonPrivateSecurityRealm","boundary","HudsonPrivateSecurityRealm","constructor",
"HudsonPrivateSecurityRealm","boundary","HudsonPrivateSecurityRealm","constructor",
"HudsonPrivateSecurityRealm","boundary","allowsSignup","predicate",
"HudsonPrivateSecurityRealm","boundary","getAllowsSignup","predicate non-void-command",
"HudsonPrivateSecurityRealm","boundary","isEnableCaptcha","get",
"HudsonPrivateSecurityRealm","boundary","loadGroupByGroupname2","collaborator stateless",
"HudsonPrivateSecurityRealm","boundary","loadUserByUsername2","property non-void-command collaborator",
"HudsonPrivateSecurityRealm","boundary","load","controller stateless",
"HudsonPrivateSecurityRealm","boundary","authenticate2","property non-void-command collaborator",
"HudsonPrivateSecurityRealm","boundary","commenceSignup","property non-void-command factory collaborator",
"HudsonPrivateSecurityRealm","boundary","doCreateAccountWithFederatedIdentity","property non-void-command collaborator",
"HudsonPrivateSecurityRealm","boundary","doCreateAccount","property non-void-command collaborator",
"HudsonPrivateSecurityRealm","boundary","_doCreateAccount","property non-void-command collaborator",
"HudsonPrivateSecurityRealm","boundary","loginAndTakeBack","command collaborator",
"HudsonPrivateSecurityRealm","boundary","doCreateAccountByAdmin","command collaborator",
"HudsonPrivateSecurityRealm","boundary","createAccountByAdmin","property non-void-command collaborator",
"HudsonPrivateSecurityRealm","boundary","createAccountFromSetupWizard","property non-void-command collaborator",
"HudsonPrivateSecurityRealm","boundary","getErrorMessages","controller stateless",
"HudsonPrivateSecurityRealm","boundary","doCreateFirstAccount","command collaborator",
"HudsonPrivateSecurityRealm","boundary","tryToMakeAdmin","controller stateless",
"HudsonPrivateSecurityRealm","boundary","createAccount","property non-void-command collaborator",
"HudsonPrivateSecurityRealm","boundary","validateAccountCreationForm","non-void-command factory collaborator",
"HudsonPrivateSecurityRealm","boundary","createAccount","property non-void-command collaborator",
"HudsonPrivateSecurityRealm","boundary","containsOnlyAcceptableCharacters","predicate controller",
"HudsonPrivateSecurityRealm","boundary","isMailerPluginPresent","predicate non-void-command",
"HudsonPrivateSecurityRealm","boundary","createAccount","controller stateless",
"HudsonPrivateSecurityRealm","boundary","createAccountWithHashedPassword","property non-void-command collaborator",
"HudsonPrivateSecurityRealm","boundary","getDisplayName","wrapper stateless",
"HudsonPrivateSecurityRealm","boundary","getACL","property non-void-command collaborator",
"HudsonPrivateSecurityRealm","boundary","checkPermission","command collaborator",
"HudsonPrivateSecurityRealm","boundary","hasPermission","predicate non-void-command collaborator",
"HudsonPrivateSecurityRealm","boundary","getAllUsers","factory controller stateless",
"HudsonPrivateSecurityRealm","boundary","getUser","property non-void-command collaborator",
"ViewProperty","entity boundary","setView","set collaborator",
"ViewProperty","entity boundary","getDescriptor","wrapper stateless",
"ViewProperty","entity boundary","reconfigure","property non-void-command collaborator",
"ViewGroupMixIn","unclassified","ViewGroupMixIn","constructor",
"ViewGroupMixIn","unclassified","addView","void-accessor command collaborator",
"ViewGroupMixIn","unclassified","canDelete","controller stateless",
"ViewGroupMixIn","unclassified","deleteView","command collaborator",
"ViewGroupMixIn","unclassified","getView","property non-void-command collaborator",
"ViewGroupMixIn","unclassified","getViews","factory controller stateless",
"ViewGroupMixIn","unclassified","getPrimaryView","property non-void-command collaborator",
"ViewGroupMixIn","unclassified","onViewRenamed","controller stateless",
"View","boundary","View","constructor",
"View","boundary","View","copy-constructor",
"View","boundary","getAllItems","property controller",
"View","boundary","getItem","property non-void-command collaborator",
"View","boundary","getJob","property non-void-command collaborator",
"View","boundary","getViewName","get set",
"View","boundary","rename","command",
"View","boundary","getOwner","get collaborator",
"View","boundary","getOwnerItemGroup","property non-void-command collaborator",
"View","boundary","getOwnerPrimaryView","property non-void-command",
"View","boundary","getOwnerViewActions","property non-void-command collaborator",
"View","boundary","getDescription","get",
"View","boundary","setDescription","set",
"View","boundary","getProperties","get set factory collaborator",
"View","boundary","getApplicablePropertyDescriptors","factory controller",
"View","boundary","getVisiblePropertyDescriptors","property non-void-command collaborator",
"View","boundary","save","command",
"View","boundary","getAllProperties","property set collaborator",
"View","boundary","getDescriptor","wrapper stateless",
"View","boundary","getDisplayName","property non-void-command",
"View","boundary","getNewPronoun","property wrapper",
"View","boundary","isEditable","incidental",
"View","boundary","isAutomaticRefreshEnabled","incidental",
"View","boundary","isFilterExecutors","get",
"View","boundary","setFilterExecutors","set",
"View","boundary","isFilterQueue","get",
"View","boundary","setFilterQueue","set",
"View","boundary","getColumns","property wrapper",
"View","boundary","getIndenter","collaborator incidental",
"View","boundary","isDefault","predicate non-void-command",
"View","boundary","getComputers","property non-void-command factory collaborator",
"View","boundary","isRelevant","controller stateless",
"View","boundary","filterQueue","property non-void-command collaborator",
"View","boundary","filterQueueItemTest","predicate non-void-command collaborator",
"View","boundary","getQueueItems","property non-void-command collaborator",
"View","boundary","getApproximateQueueItemsQuickly","property non-void-command collaborator",
"View","boundary","getUrl","property non-void-command",
"View","boundary","getViewUrl","property non-void-command",
"View","boundary","toString","property non-void-command",
"View","boundary","getSearchUrl","property non-void-command",
"View","boundary","getActions","non-void-command factory collaborator",
"View","boundary","updateTransientActions","empty",
"View","boundary","getDynamic","property non-void-command collaborator",
"View","boundary","getAbsoluteUrl","property set",
"View","boundary","getApi","property factory collaborator",
"View","boundary","getPostConstructLandingPage","incidental",
"View","boundary","getACL","property non-void-command collaborator",
"View","boundary","onJobRenamed","empty",
"View","boundary","addDisplayNamesToSearchIndex","command collaborator",
"View","boundary","makeSearchIndex","command collaborator",
"View","boundary","makeSearchIndex","property non-void-command collaborator",
"View","boundary","doSubmitDescription","command collaborator",
"View","boundary","doConfigSubmit","command collaborator",
"View","boundary","doDoDelete","command collaborator",
"View","boundary","doCheckJobName","property non-void-command collaborator",
"View","boundary","doItemCategories","non-void-command factory collaborator",
"View","boundary","doRssAll","command collaborator",
"View","boundary","doRssFailed","command collaborator",
"View","boundary","getBuilds","property factory collaborator",
"View","boundary","getTimeline","property non-void-command factory collaborator",
"View","boundary","doRssLatest","command collaborator",
"View","boundary","doConfigDotXml","property non-void-command factory collaborator",
"View","boundary","writeXml","controller",
"View","boundary","updateByXml","command collaborator",
"View","boundary","doChildrenContextMenu","non-void-command factory collaborator",
"UserIdMapper","boundary","UserIdMapper","constructor",
"UserIdMapper","boundary","init","get non-void-command collaborator",
"UserIdMapper","boundary","getDirectory","property non-void-command collaborator",
"UserIdMapper","boundary","putIfAbsent","property non-void-command collaborator",
"UserIdMapper","boundary","isMapped","predicate non-void-command",
"UserIdMapper","boundary","getConvertedUserIds","property non-void-command",
"UserIdMapper","boundary","remove","command",
"UserIdMapper","boundary","clear","command",
"UserIdMapper","boundary","reload","command",
"UserIdMapper","boundary","getIdStrategy","wrapper stateless",
"UserIdMapper","boundary","getUsersDirectory","wrapper stateless",
"UserIdMapper","boundary","getXmlConfigFile","property factory wrapper",
"UserIdMapper","boundary","createDirectoryForNewUser","property non-void-command collaborator",
"UserIdMapper","boundary","generatePrefix","property non-void-command",
"UserIdMapper","boundary","createUsersDirectoryAsNeeded","property non-void-command collaborator",
"UserIdMapper","boundary","save","command",
"UserIdMapper","boundary","load","command collaborator",
"SCMTrigger","boundary","SCMTrigger","constructor",
"SCMTrigger","boundary","SCMTrigger","constructor",
"SCMTrigger","boundary","isIgnorePostCommitHooks","get",
"SCMTrigger","boundary","setIgnorePostCommitHooks","set",
"SCMTrigger","boundary","getScmpoll_spec","property non-void-command",
"SCMTrigger","boundary","run","command",
"SCMTrigger","boundary","run","void-accessor command collaborator",
"SCMTrigger","boundary","getDescriptor","property non-void-command collaborator",
"SCMTrigger","boundary","getProjectActions","property wrapper",
"SCMTrigger","boundary","getLogFile","property factory wrapper",
"SCMTrigger","boundary","job","property wrapper",
"MapperDelegate","boundary","MapperDelegate","constructor",
"MapperDelegate","boundary","serializedClass","property non-void-command collaborator",
"MapperDelegate","boundary","realClass","property non-void-command collaborator",
"MapperDelegate","boundary","serializedMember","property non-void-command",
"MapperDelegate","boundary","realMember","property non-void-command",
"MapperDelegate","boundary","isImmutableValueType","predicate non-void-command collaborator",
"MapperDelegate","boundary","defaultImplementationOf","property non-void-command collaborator",
"MapperDelegate","boundary","aliasForAttribute","property non-void-command",
"MapperDelegate","boundary","attributeForAlias","property non-void-command",
"MapperDelegate","boundary","aliasForSystemAttribute","property non-void-command",
"MapperDelegate","boundary","getFieldNameForItemTypeAndName","property non-void-command",
"MapperDelegate","boundary","getItemTypeForItemFieldName","property non-void-command collaborator",
"MapperDelegate","boundary","getImplicitCollectionDefForFieldName","property non-void-command collaborator",
"MapperDelegate","boundary","shouldSerializeMember","predicate non-void-command",
"MapperDelegate","boundary","getConverterFromItemType","property non-void-command collaborator",
"MapperDelegate","boundary","getConverterFromItemType","property non-void-command collaborator",
"MapperDelegate","boundary","getConverterFromAttribute","property non-void-command collaborator",
"MapperDelegate","boundary","getLocalConverter","property non-void-command collaborator",
"MapperDelegate","boundary","lookupMapperOfType","property non-void-command collaborator",
"MapperDelegate","boundary","getConverterFromItemType","property non-void-command collaborator",
"MapperDelegate","boundary","aliasForAttribute","property non-void-command",
"MapperDelegate","boundary","attributeForAlias","property non-void-command",
"MapperDelegate","boundary","getConverterFromAttribute","property non-void-command collaborator",
"MapperDelegate","boundary","getConverterFromAttribute","property non-void-command collaborator",
"MapperDelegate","boundary","isIgnoredElement","predicate non-void-command",
"MapperDelegate","boundary","isReferenceable","predicate non-void-command collaborator",
"TaskListener","boundary","getCharset","collaborator incidental",
"TaskListener","boundary","_error","property non-void-command factory collaborator",
"TaskListener","boundary","annotate","controller stateless",
"TaskListener","boundary","hyperlink","controller stateless",
"TaskListener","boundary","error","property non-void-command collaborator",
"TaskListener","boundary","error","property non-void-command collaborator",
"TaskListener","boundary","fatalError","property non-void-command collaborator",
"TaskListener","boundary","fatalError","property non-void-command collaborator",
"UserPropertyDescriptor","degenerate small-class","UserPropertyDescriptor","constructor",
"UserPropertyDescriptor","degenerate small-class","UserPropertyDescriptor","constructor",
"UserPropertyDescriptor","degenerate small-class","isEnabled","incidental",
"ContainerAuthentication","degenerate","ContainerAuthentication","constructor",
"ContainerAuthentication","degenerate","getAuthorities","get collaborator",
"ContainerAuthentication","degenerate","getCredentials","collaborator incidental",
"ContainerAuthentication","degenerate","getDetails","collaborator incidental",
"ContainerAuthentication","degenerate","getPrincipal","property non-void-command",
"ContainerAuthentication","degenerate","isAuthenticated","incidental",
"ContainerAuthentication","degenerate","setAuthenticated","empty",
"ContainerAuthentication","degenerate","getName","property non-void-command",
"ProcessTree","entity boundary","ProcessTree","constructor",
"ProcessTree","entity boundary","ProcessTree","constructor",
"ProcessTree","entity boundary","get","property non-void-command collaborator",
"ProcessTree","entity boundary","iterator","property non-void-command collaborator",
"ProcessTree","entity boundary","killAll","command collaborator",
"ProcessTree","entity boundary","getKillers","get set collaborator",
"UserProperty","entity boundary","setUser","set collaborator",
"UserProperty","entity boundary","getDescriptor","wrapper stateless",
"UserProperty","entity boundary","reconfigure","property non-void-command collaborator",
"Header","boundary degenerate small-class","isAvailable","wrapper stateless",
"ImpersonatingUserDetailsService2","controller small-class","ImpersonatingUserDetailsService2","constructor",
"ImpersonatingUserDetailsService2","controller small-class","loadUserByUsername","property non-void-command collaborator",
"ImpersonatingUserDetailsService2","controller small-class","attemptToImpersonate","factory controller stateless",
"User","boundary","User","constructor",
"User","boundary","load","command",
"User","boundary","load","command",
"User","boundary","setUserToProperties","controller",
"User","boundary","allocateDefaultPropertyInstancesAsNeeded","command collaborator",
"User","boundary","removeNullsThatFailedToLoad","command",
"User","boundary","loadFromUserConfigFile","command collaborator",
"User","boundary","clearExistingProperties","command",
"User","boundary","getConfigFile","property non-void-command collaborator",
"User","boundary","compareTo","property wrapper",
"User","boundary","getId","get",
"User","boundary","getUrl","property wrapper",
"User","boundary","getSearchUrl","property wrapper",
"User","boundary","getAbsoluteUrl","property non-void-command",
"User","boundary","getFullName","get",
"User","boundary","setFullName","set",
"User","boundary","getDescription","get",
"User","boundary","setDescription","set",
"User","boundary","getProperties","property wrapper",
"User","boundary","addProperty","command collaborator",
"User","boundary","getAllProperties","property non-void-command collaborator",
"User","boundary","getProperty","property controller",
"User","boundary","impersonate2","property non-void-command collaborator",
"User","boundary","impersonate","property non-void-command collaborator",
"User","boundary","getUserDetailsForImpersonation2","property non-void-command factory collaborator",
"User","boundary","getUserDetailsForImpersonation","property non-void-command collaborator",
"User","boundary","impersonate","factory controller stateless",
"User","boundary","doSubmitDescription","command collaborator",
"User","boundary","getDisplayName","property non-void-command",
"User","boundary","relatedTo","predicate non-void-command collaborator",
"User","boundary","getBuilds","property wrapper",
"User","boundary","getProjects","factory controller",
"User","boundary","toString","get",
"User","boundary","getUserFolder","property non-void-command collaborator",
"User","boundary","getExistingUserFolder","property wrapper",
"User","boundary","save","command collaborator",
"User","boundary","constructUserConfigFile","property non-void-command factory collaborator",
"User","boundary","putUserFolderIfAbsent","property wrapper",
"User","boundary","delete","command collaborator",
"User","boundary","deleteExistingUserFolder","controller stateless",
"User","boundary","getApi","property factory collaborator",
"User","boundary","doConfigSubmit","command collaborator",
"User","boundary","doDoDelete","command collaborator",
"User","boundary","doRssAll","command collaborator",
"User","boundary","doRssFailed","command collaborator",
"User","boundary","doRssLatest","command collaborator",
"User","boundary","getACL","property non-void-command collaborator",
"User","boundary","canDelete","predicate non-void-command collaborator",
"User","boundary","getAuthorities","property non-void-command",
"User","boundary","getDynamic","property non-void-command collaborator",
"User","boundary","getPropertyActions","property non-void-command collaborator",
"User","boundary","getTransientActions","property controller",
"User","boundary","doContextMenu","property factory wrapper",
"User","boundary","getTarget","get property non-void-command collaborator",
"User","boundary","writeReplace","property wrapper",
"User","boundary","User","constructor",
"User","boundary","User","constructor",
"User","boundary","User","constructor",
"User","boundary","getAuthorities","get collaborator",
"User","boundary","setAuthorities","set collaborator",
"User","boundary","getPassword","get",
"User","boundary","getUsername","get",
"User","boundary","isAccountNonExpired","get",
"User","boundary","isAccountNonLocked","get",
"User","boundary","isCredentialsNonExpired","get",
"User","boundary","isEnabled","get",
"User","boundary","equals","predicate non-void-command collaborator",
"User","boundary","hashCode","property non-void-command",
"User","boundary","toString","property non-void-command",
"NioChannelSelector","data-class small-class","NioChannelSelector","constructor",
"NioChannelSelector","data-class small-class","getHub","get collaborator",
"NioChannelSelector","data-class small-class","cleanUp","set",
"Latch","commander","Latch","constructor",
"Latch","commander","abort","set collaborator",
"Latch","commander","synchronize","command",
"Latch","commander","check","command",
"Latch","commander","onCriteriaMet","empty",
"UsageStatistics","boundary","UsageStatistics","constructor",
"UsageStatistics","boundary","UsageStatistics","constructor",
"UsageStatistics","boundary","isDue","predicate set",
"UsageStatistics","boundary","getKey","get set collaborator",
"UsageStatistics","boundary","getStatData","property non-void-command collaborator",
"UsageStatistics","boundary","getRequiredGlobalConfigPagePermission","collaborator incidental",
"UsageStatistics","boundary","configure","predicate controller",
"CompleteBatchJob","commander data-class small-class","CompleteBatchJob","constructor",
"CompleteBatchJob","commander data-class small-class","run","set",
"DownloadJob","data-provider","getDisplayName","wrapper stateless",
"DownloadJob","data-provider","getComputedSHA1","get",
"DownloadJob","data-provider","getComputedSHA256","get",
"DownloadJob","data-provider","getComputedSHA512","get",
"DownloadJob","data-provider","getUser","get collaborator",
"DownloadJob","data-provider","DownloadJob","constructor",
"DownloadJob","data-provider","run","command",
"DownloadJob","data-provider","_run","wrapper",
"DownloadJob","data-provider","replace","wrapper stateless",
"DownloadJob","data-provider","getContentLength","incidental",
"AdaptedIterator<T,U>","unclassified","AdaptedIterator","constructor",
"AdaptedIterator<T,U>","unclassified","AdaptedIterator","constructor",
"AdaptedIterator<T,U>","unclassified","hasNext","predicate non-void-command",
"AdaptedIterator<T,U>","unclassified","next","property non-void-command collaborator",
"AdaptedIterator<T,U>","unclassified","remove","command",
"BuildStatusSummaryTest","commander boundary","before","command",
"BuildStatusSummaryTest","commander boundary","mockBuilds","command collaborator",
"BuildStatusSummaryTest","commander boundary","testStatusUnknownIfRunIsStillBuilding","command collaborator",
"BuildStatusSummaryTest","commander boundary","testSuccess","command collaborator",
"BuildStatusSummaryTest","commander boundary","testFixed","command collaborator",
"BuildStatusSummaryTest","commander boundary","testFailure","command collaborator",
"BuildStatusSummaryTest","commander boundary","testBecameFailure","command collaborator",
"BuildStatusSummaryTest","commander boundary","testFailureSince","command collaborator",
"BuildStatusSummaryTest","commander boundary","testBecameUnstable","command collaborator",
"BuildStatusSummaryTest","commander boundary","testUnstableAfterFailure","command collaborator",
"BuildStatusSummaryTest","commander boundary","testNonTestRelatedUnstable","command collaborator",
"BuildStatusSummaryTest","commander boundary","testNonTestRelatedBecameUnstable","command collaborator",
"BuildStatusSummaryTest","commander boundary","testAborted","command collaborator",
"BuildStatusSummaryTest","commander boundary","testNotBuilt","command collaborator",
"IncompatibleServletVersionDetected","data-provider boundary small-class","IncompatibleServletVersionDetected","constructor",
"IncompatibleServletVersionDetected","data-provider boundary small-class","getWhereServletIsLoaded","property wrapper",
"EnableJob","boundary small-class","EnableJob","constructor",
"EnableJob","boundary small-class","getPlugin","get collaborator",
"EnableJob","boundary small-class","run","command collaborator",
"DeleteViewCommand","small-class","getShortDescription","wrapper stateless",
"DeleteViewCommand","small-class","run","property controller",
"Cloud","entity boundary","Cloud","constructor",
"Cloud","entity boundary","getDisplayName","get",
"Cloud","entity boundary","getUrl","property wrapper",
"Cloud","entity boundary","getSearchUrl","property non-void-command",
"Cloud","entity boundary","getACL","property non-void-command collaborator",
"Cloud","entity boundary","provision","wrapper stateless",
"Cloud","entity boundary","provision","property non-void-command collaborator",
"Cloud","entity boundary","canProvision","wrapper stateless",
"Cloud","entity boundary","canProvision","predicate non-void-command collaborator",
"Cloud","entity boundary","getDescriptor","wrapper stateless",
"Cloud","entity boundary","getIcon","incidental",
"Cloud","entity boundary","getIconClassName","incidental",
"Cloud","entity boundary","getIconAltText","wrapper stateless",
"Cloud","entity boundary","doDoDelete","property non-void-command factory collaborator",
"Cloud","entity boundary","doConfigSubmit","property non-void-command collaborator",
"Cloud","entity boundary","reconfigure","property non-void-command collaborator",
"ConnectionCheckJob","commander","ConnectionCheckJob","constructor",
"ConnectionCheckJob","commander","run","command",
"ConnectionCheckJob","commander","addStatus","command collaborator",
"ConnectionCheckJob","commander","getStatuses","property non-void-command",
"ControllerExecutorsAgents","commander boundary degenerate","getDisplayName","wrapper stateless",
"ControllerExecutorsAgents","commander boundary degenerate","isSecurity","incidental",
"ControllerExecutorsAgents","commander boundary degenerate","isActivated","wrapper stateless",
"ControllerExecutorsAgents","commander boundary degenerate","doAct","command collaborator",
"TokenBasedRememberMeServices2","boundary","TokenBasedRememberMeServices2","constructor",
"TokenBasedRememberMeServices2","boundary","makeTokenSignature","property non-void-command",
"TokenBasedRememberMeServices2","boundary","onLoginSuccess","command collaborator",
"TokenBasedRememberMeServices2","boundary","calculateLoginLifetime","property non-void-command collaborator",
"TokenBasedRememberMeServices2","boundary","processAutoLoginCookie","property non-void-command collaborator",
"TokenBasedRememberMeServices2","boundary","getTokenExpiryTime","wrapper stateless",
"TokenBasedRememberMeServices2","boundary","createSuccessfulAuthentication","property non-void-command collaborator",
"TokenBasedRememberMeServices2","boundary","isTokenExpired","predicate non-void-command",
"TokenBasedRememberMeServices2","boundary","getTokenValiditySeconds","property non-void-command",
"TokenBasedRememberMeServices2","boundary","getCookieName","property non-void-command",
"UpdateCenterJob","entity boundary","UpdateCenterJob","constructor",
"UpdateCenterJob","entity boundary","getApi","property factory collaborator",
"UpdateCenterJob","entity boundary","getCorrelationId","get collaborator",
"UpdateCenterJob","entity boundary","setCorrelationId","set collaborator",
"UpdateCenterJob","entity boundary","schedule","command",
"UpdateCenterJob","entity boundary","getType","wrapper stateless",
"UpdateCenterJob","entity boundary","submit","property wrapper",
"UpdateCenterJob","entity boundary","getErrorMessage","property non-void-command",
"UpdateCenterJob","entity boundary","getError","get collaborator",
"CommandInterpreter","data-provider boundary","CommandInterpreter","constructor",
"CommandInterpreter","data-provider boundary","getCommand","get",
"CommandInterpreter","data-provider boundary","buildEnvVarsFilterRules","property wrapper",
"CommandInterpreter","data-provider boundary","getConfiguredLocalRules","property wrapper",
"CommandInterpreter","data-provider boundary","perform","predicate non-void-command collaborator",
"CommandInterpreter","data-provider boundary","isErrorlevelForUnstableBuild","incidental",
"CommandInterpreter","data-provider boundary","perform","predicate non-void-command collaborator",
"CommandInterpreter","data-provider boundary","join","controller stateless",
"CommandInterpreter","data-provider boundary","createScriptFile","controller stateless",
"AdministrativeMonitorsApi","commander degenerate","doNonSecurityPopupContent","command collaborator",
"AdministrativeMonitorsApi","commander degenerate","doSecurityPopupContent","command collaborator",
"AdministrativeMonitorsApi","commander degenerate","getIconFileName","incidental",
"AdministrativeMonitorsApi","commander degenerate","getDisplayName","incidental",
"AdministrativeMonitorsApi","commander degenerate","getUrlName","incidental",
"AdministrativeMonitorsApi","commander degenerate","getDecorator","wrapper stateless",
"GlobalBuildDiscarderConfiguration","entity boundary","GlobalBuildDiscarderConfiguration","constructor",
"GlobalBuildDiscarderConfiguration","entity boundary","readResolve","get non-void-command collaborator",
"GlobalBuildDiscarderConfiguration","entity boundary","getConfiguredBuildDiscarders","get collaborator",
"GlobalBuildDiscarderConfiguration","entity boundary","configure","predicate non-void-command collaborator",
"TimeSeries","data-provider","TimeSeries","constructor",
"TimeSeries","data-provider","update","set",
"TimeSeries","data-provider","getHistory","get",
"TimeSeries","data-provider","getLatest","get",
"TimeSeries","data-provider","toString","property wrapper",
"EncodingStream","commander small-class","EncodingStream","constructor",
"EncodingStream","commander small-class","write","command",
"HistoryPageFilter<T>","boundary","HistoryPageFilter","constructor",
"HistoryPageFilter<T>","boundary","setNewerThan","set",
"HistoryPageFilter<T>","boundary","setOlderThan","set",
"HistoryPageFilter<T>","boundary","setSearchString","set",
"HistoryPageFilter<T>","boundary","add","command collaborator",
"HistoryPageFilter<T>","boundary","add","command collaborator",
"HistoryPageFilter<T>","boundary","addInternal","command collaborator",
"HistoryPageFilter<T>","boundary","size","property non-void-command",
"HistoryPageFilter<T>","boundary","sort","controller stateless",
"HistoryPageFilter<T>","boundary","getNextBuildNumber","property non-void-command collaborator",
"HistoryPageFilter<T>","boundary","addQueueItem","command collaborator",
"HistoryPageFilter<T>","boundary","addRun","command collaborator",
"HistoryPageFilter<T>","boundary","updateNewestOldest","command",
"HistoryPageFilter<T>","boundary","add","predicate non-void-command collaborator",
"HistoryPageFilter<T>","boundary","isFull","predicate non-void-command",
"HistoryPageFilter<T>","boundary","getFillCount","property non-void-command",
"HistoryPageFilter<T>","boundary","fitsSearchParams","predicate non-void-command collaborator",
"HistoryPageFilter<T>","boundary","fitsSearchParams","predicate non-void-command collaborator",
"HistoryPageFilter<T>","boundary","fitsSearchString","predicate non-void-command collaborator",
"HistoryPageFilter<T>","boundary","fitsSearchBuildVariables","predicate non-void-command collaborator",
"HistoryPageFilter<T>","boundary","fitsSearchBuildParameters","predicate non-void-command collaborator",
"StockStatusIcon","small-class","StockStatusIcon","constructor",
"StockStatusIcon","small-class","getImageOf","property non-void-command",
"StockStatusIcon","small-class","getDescription","property non-void-command",
"BuildWrapper","entity boundary degenerate","setUp","property non-void-command collaborator",
"BuildWrapper","entity boundary degenerate","setUp","property non-void-command collaborator",
"BuildWrapper","entity boundary degenerate","decorateLauncher","collaborator incidental",
"BuildWrapper","entity boundary degenerate","decorateLogger","collaborator incidental",
"BuildWrapper","entity boundary degenerate","preCheckout","empty",
"BuildWrapper","entity boundary degenerate","getProjectAction","collaborator incidental",
"BuildWrapper","entity boundary degenerate","getProjectActions","property non-void-command collaborator",
"BuildWrapper","entity boundary degenerate","makeBuildVariables","empty",
"BuildWrapper","entity boundary degenerate","makeSensitiveBuildVariables","empty",
"CopyOnWriteMapTest","pure-controller degenerate","hashSerialization","controller stateless",
"CopyOnWriteMapTest","pure-controller degenerate","treeSerialization","controller stateless",
"CopyOnWriteMapTest","pure-controller degenerate","equalsHashCodeToString","controller stateless",
"TerminatorFinder","degenerate","TerminatorFinder","constructor",
"TerminatorFinder","degenerate","displayNameOf","controller stateless",
"TerminatorFinder","degenerate","requiresOf","controller stateless",
"TerminatorFinder","degenerate","attainsOf","controller stateless",
"TerminatorFinder","degenerate","afterOf","controller stateless",
"TerminatorFinder","degenerate","beforeOf","controller stateless",
"TerminatorFinder","degenerate","fatalOf","collaborator incidental",
"RunParameterDefinition","entity boundary","getName","wrapper stateless",
"RunParameterDefinition","entity boundary","RunParameterDefinition","constructor",
"RunParameterDefinition","entity boundary","RunParameterDefinition","constructor",
"RunParameterDefinition","entity boundary","RunParameterDefinition","constructor",
"RunParameterDefinition","entity boundary","copyWithDefaultValue","get property non-void-command factory collaborator",
"RunParameterDefinition","entity boundary","getProjectName","get",
"RunParameterDefinition","entity boundary","getProject","property wrapper",
"RunParameterDefinition","entity boundary","getFilter","property collaborator",
"RunParameterDefinition","entity boundary","getBuilds","property non-void-command collaborator",
"RunParameterDefinition","entity boundary","getDefaultParameterValue","property non-void-command collaborator",
"RunParameterDefinition","entity boundary","createValue","property non-void-command collaborator",
"RunParameterDefinition","entity boundary","createValue","property non-void-command factory collaborator",
"RunParameterDefinition","entity boundary","hashCode","property non-void-command",
"RunParameterDefinition","entity boundary","equals","predicate non-void-command collaborator",
"NullSCM","commander boundary degenerate","NullSCM","constructor",
"NullSCM","commander boundary degenerate","calcRevisionsFromBuild","collaborator incidental",
"NullSCM","commander boundary degenerate","compareRemoteRevisionWith","collaborator incidental",
"NullSCM","commander boundary degenerate","checkout","command collaborator",
"NullSCM","commander boundary degenerate","createChangeLogParser","collaborator incidental",
"PropertyDescriptor<PextendsDescribable<P>,T>","entity boundary small-class","PropertyDescriptor","constructor",
"PropertyDescriptor<PextendsDescribable<P>,T>","entity boundary small-class","PropertyDescriptor","constructor",
"PropertyDescriptor<PextendsDescribable<P>,T>","entity boundary small-class","getP","wrapper stateless",
"PropertyDescriptor<PextendsDescribable<P>,T>","entity boundary small-class","isApplicable","predicate non-void-command collaborator",
"ConfidentialKey","data-provider","ConfidentialKey","constructor",
"ConfidentialKey","data-provider","load","property non-void-command",
"ConfidentialKey","data-provider","store","void-accessor wrapper",
"ConfidentialKey","data-provider","getId","get",
"Result","data-provider","Result","constructor",
"Result","data-provider","combine","get property",
"Result","data-provider","isWorseThan","predicate",
"Result","data-provider","isWorseOrEqualTo","predicate",
"Result","data-provider","isBetterThan","predicate",
"Result","data-provider","isBetterOrEqualTo","predicate",
"Result","data-provider","isCompleteBuild","get",
"Result","data-provider","toString","get",
"Result","data-provider","toExportedObject","get",
"Result","data-provider","readResolve","get property collaborator",
"ViewDescriptor","unclassified","getDisplayName","property non-void-command",
"ViewDescriptor","unclassified","isInstantiable","incidental",
"ViewDescriptor","unclassified","getNewViewDetailPage","property non-void-command",
"ViewDescriptor","unclassified","ViewDescriptor","constructor",
"ViewDescriptor","unclassified","ViewDescriptor","constructor",
"ViewDescriptor","unclassified","doAutoCompleteCopyNewItemFrom","controller stateless",
"ViewDescriptor","unclassified","getColumnsDescriptors","property controller",
"ViewDescriptor","unclassified","getJobFiltersDescriptors","property controller",
"ViewDescriptor","unclassified","checkDisplayName","controller stateless",
"ViewDescriptor","unclassified","isApplicable","collaborator incidental",
"ViewDescriptor","unclassified","isApplicableIn","predicate non-void-command collaborator",
"StandaloneProjectsCategory","data-provider lazy-class","getId","get",
"StandaloneProjectsCategory","data-provider lazy-class","getDescription","wrapper stateless",
"StandaloneProjectsCategory","data-provider lazy-class","getDisplayName","wrapper stateless",
"StandaloneProjectsCategory","data-provider lazy-class","getMinToShow","get",
"ResourceActivity","boundary degenerate small-class","getResourceList","collaborator incidental",
"AccessDeniedException","factory controller small-class","AccessDeniedException","constructor",
"AccessDeniedException","factory controller small-class","AccessDeniedException","constructor",
"AccessDeniedException","factory controller small-class","toSpring","property factory wrapper",
"RewindableFileOutputStream","commander","RewindableFileOutputStream","constructor",
"RewindableFileOutputStream","commander","current","get non-void-command collaborator",
"RewindableFileOutputStream","commander","write","command",
"RewindableFileOutputStream","commander","write","void-accessor command",
"RewindableFileOutputStream","commander","write","void-accessor command",
"RewindableFileOutputStream","commander","flush","command",
"RewindableFileOutputStream","commander","close","set",
"RewindableFileOutputStream","commander","rewind","command",
"RewindableFileOutputStream","commander","closeCurrent","set",
"InterruptedBuildAction","data-provider boundary small-class","InterruptedBuildAction","constructor",
"InterruptedBuildAction","data-provider boundary small-class","getCauses","property wrapper",
"ProxyView","entity boundary","ProxyView","constructor",
"ProxyView","entity boundary","getProxiedView","property wrapper",
"ProxyView","entity boundary","getProxiedViewName","get",
"ProxyView","entity boundary","setProxiedViewName","set",
"ProxyView","entity boundary","getItems","property non-void-command collaborator",
"ProxyView","entity boundary","contains","predicate non-void-command collaborator",
"ProxyView","entity boundary","getItem","property non-void-command collaborator",
"ProxyView","entity boundary","submit","set collaborator",
"ProxyView","entity boundary","doCreateItem","property non-void-command collaborator",
"ProxyView","entity boundary","doViewExistsCheck","property non-void-command collaborator",
"ProxyView","entity boundary","getStaplerFallback","property non-void-command collaborator",
"SourceCodeEscapersTest","boundary degenerate small-class","testJavaCharEscaper","wrapper stateless",
"AccessControlled","entity boundary","checkPermission","command collaborator",
"AccessControlled","entity boundary","checkAnyPermission","command collaborator",
"AccessControlled","entity boundary","hasPermission","predicate non-void-command collaborator",
"AccessControlled","entity boundary","hasAnyPermission","predicate non-void-command collaborator",
"AccessControlled","entity boundary","hasPermission2","predicate non-void-command collaborator",
"AccessControlled","entity boundary","hasPermission","predicate non-void-command collaborator",
"RegexValidator","controller","RegexValidator","constructor",
"RegexValidator","controller","RegexValidator","constructor",
"RegexValidator","controller","RegexValidator","constructor",
"RegexValidator","controller","RegexValidator","constructor",
"RegexValidator","controller","isValid","predicate controller",
"RegexValidator","controller","match","property controller",
"RegexValidator","controller","validate","property controller",
"RegexValidator","controller","toString","property controller",
"WhoAmI","unclassified","getApi","property factory collaborator",
"WhoAmI","unclassified","getName","property non-void-command",
"WhoAmI","unclassified","isAuthenticated","predicate non-void-command",
"WhoAmI","unclassified","isAnonymous","wrapper stateless",
"WhoAmI","unclassified","getDetails","property non-void-command",
"WhoAmI","unclassified","getToString","property non-void-command",
"WhoAmI","unclassified","auth","wrapper stateless",
"WhoAmI","unclassified","getAuthorities","property non-void-command collaborator",
"WhoAmI","unclassified","isHeaderDangerous","predicate non-void-command",
"WhoAmI","unclassified","getIconFileName","incidental",
"WhoAmI","unclassified","getDisplayName","incidental",
"WhoAmI","unclassified","getUrlName","incidental",
"PasswordParameterValue","boundary","PasswordParameterValue","constructor",
"PasswordParameterValue","boundary","PasswordParameterValue","constructor",
"PasswordParameterValue","boundary","PasswordParameterValue","constructor",
"PasswordParameterValue","boundary","buildEnvironment","command collaborator",
"PasswordParameterValue","boundary","createVariableResolver","property non-void-command collaborator",
"PasswordParameterValue","boundary","isSensitive","incidental",
"PasswordParameterValue","boundary","getValue","get collaborator",
"PasswordParameterValue","boundary","getShortDescription","property",
"CauseOfBlockage","degenerate small-class","print","controller stateless",
"CauseOfBlockage","degenerate small-class","toString","wrapper stateless",
"Label","boundary","Label","constructor",
"Label","boundary","getName","property non-void-command",
"Label","boundary","getDisplayName","get",
"Label","boundary","getUrl","property wrapper",
"Label","boundary","getSearchUrl","property non-void-command",
"Label","boundary","isAtom","incidental",
"Label","boundary","matches","predicate non-void-command collaborator",
"Label","boundary","matches","predicate non-void-command collaborator",
"Label","boundary","isSelfLabel","predicate non-void-command collaborator",
"Label","boundary","getNodes","property non-void-command collaborator",
"Label","boundary","getSortedNodes","non-void-command factory collaborator",
"Label","boundary","getClouds","get set collaborator",
"Label","boundary","isAssignable","predicate non-void-command collaborator",
"Label","boundary","getTotalConfiguredExecutors","property non-void-command collaborator",
"Label","boundary","getTotalExecutors","property non-void-command collaborator",
"Label","boundary","getBusyExecutors","property non-void-command collaborator",
"Label","boundary","getIdleExecutors","property non-void-command collaborator",
"Label","boundary","isOffline","predicate non-void-command collaborator",
"Label","boundary","getDescription","property non-void-command collaborator",
"Label","boundary","toString","controller stateless",
"Label","boundary","getTiedJobs","property non-void-command collaborator",
"Label","boundary","getTiedJobCount","get property set collaborator",
"Label","boundary","contains","predicate non-void-command collaborator",
"Label","boundary","isEmpty","predicate non-void-command",
"Label","boundary","reset","command",
"Label","boundary","getApi","property factory collaborator",
"Label","boundary","listAtoms","factory wrapper",
"Label","boundary","and","property factory",
"Label","boundary","or","property factory",
"Label","boundary","iff","property factory",
"Label","boundary","implies","property factory",
"Label","boundary","not","property factory",
"Label","boundary","paren","property factory",
"Label","boundary","equals","get predicate non-void-command collaborator",
"Label","boundary","hashCode","property non-void-command",
"Label","boundary","compareTo","property non-void-command",
"Label","boundary","matches","predicate non-void-command",
"Label","boundary","toString","get",
"Label","boundary","doChildrenContextMenu","non-void-command factory collaborator",
"KeyedDataStorage<T,P>","boundary","getOrCreate","property non-void-command collaborator",
"KeyedDataStorage<T,P>","boundary","get","property non-void-command collaborator",
"KeyedDataStorage<T,P>","boundary","get","property non-void-command collaborator",
"KeyedDataStorage<T,P>","boundary","resetPerformanceStats","command",
"KeyedDataStorage<T,P>","boundary","getPerformanceStats","property non-void-command",
"PasswordParameterDefinition","entity minimal-entity boundary","PasswordParameterDefinition","constructor",
"PasswordParameterDefinition","entity minimal-entity boundary","PasswordParameterDefinition","constructor",
"PasswordParameterDefinition","entity minimal-entity boundary","copyWithDefaultValue","get property non-void-command factory collaborator",
"PasswordParameterDefinition","entity minimal-entity boundary","createValue","property non-void-command factory collaborator",
"PasswordParameterDefinition","entity minimal-entity boundary","createValue","non-void-command factory collaborator",
"PasswordParameterDefinition","entity minimal-entity boundary","getDefaultParameterValue","property non-void-command factory collaborator",
"PasswordParameterDefinition","entity minimal-entity boundary","getDefaultValue","property wrapper",
"PasswordParameterDefinition","entity minimal-entity boundary","getDefaultValueAsSecret","get collaborator",
"PasswordParameterDefinition","entity minimal-entity boundary","setDefaultValue","set",
"PasswordParameterDefinition","entity minimal-entity boundary","hashCode","property non-void-command",
"PasswordParameterDefinition","entity minimal-entity boundary","equals","predicate non-void-command collaborator",
"PluginLabelUtilTest","pure-controller degenerate small-class","testCanonicalLabels","controller stateless",
"SimpleParameterDefinition","entity boundary small-class","SimpleParameterDefinition","constructor",
"SimpleParameterDefinition","entity boundary small-class","SimpleParameterDefinition","constructor",
"SimpleParameterDefinition","entity boundary small-class","createValue","property non-void-command collaborator",
"SimpleParameterDefinition","entity boundary small-class","createValue","property non-void-command collaborator",
"OverallLoadStatistics","entity boundary degenerate","OverallLoadStatistics","constructor",
"OverallLoadStatistics","entity boundary degenerate","computeIdleExecutors","wrapper stateless",
"OverallLoadStatistics","entity boundary degenerate","computeTotalExecutors","wrapper stateless",
"OverallLoadStatistics","entity boundary degenerate","computeQueueLength","wrapper stateless",
"OverallLoadStatistics","entity boundary degenerate","getNodes","property non-void-command collaborator",
"OverallLoadStatistics","entity boundary degenerate","matches","collaborator incidental",
"OverallLoadStatistics","entity boundary degenerate","createOverallTrendChart","property wrapper",
"OneOffExecutor","empty","OneOffExecutor","constructor",
"Secret","unclassified","Secret","constructor",
"Secret","unclassified","Secret","constructor",
"Secret","unclassified","toString","get non-void-command",
"Secret","unclassified","getPlainText","get",
"Secret","unclassified","equals","predicate non-void-command collaborator",
"Secret","unclassified","hashCode","property non-void-command",
"Secret","unclassified","getEncryptedValue","property non-void-command",
"GlobalFingerprintConfiguration","entity boundary","GlobalFingerprintConfiguration","constructor",
"GlobalFingerprintConfiguration","entity boundary","getStorage","get collaborator",
"GlobalFingerprintConfiguration","entity boundary","setStorage","command collaborator",
"GlobalFingerprintConfiguration","entity boundary","isFingerprintCleanupDisabled","get",
"GlobalFingerprintConfiguration","entity boundary","setFingerprintCleanupDisabled","set",
"GlobalFingerprintConfiguration","entity boundary","configure","predicate non-void-command collaborator",
"GlobalFingerprintConfiguration","entity boundary","getFingerprintStorageDescriptors","wrapper stateless",
"StaticRoutingDecisionProvider","unclassified","StaticRoutingDecisionProvider","constructor",
"StaticRoutingDecisionProvider","unclassified","decide","property non-void-command collaborator",
"StaticRoutingDecisionProvider","unclassified","reload","command",
"StaticRoutingDecisionProvider","unclassified","resetAndSave","command",
"StaticRoutingDecisionProvider","unclassified","resetMetaClassCache","wrapper stateless",
"StaticRoutingDecisionProvider","unclassified","reloadFromDefault","command",
"StaticRoutingDecisionProvider","unclassified","add","get non-void-command",
"StaticRoutingDecisionProvider","unclassified","addBlacklistSignature","get non-void-command",
"StaticRoutingDecisionProvider","unclassified","remove","get non-void-command",
"StaticRoutingDecisionProvider","unclassified","removeBlacklistSignature","get non-void-command",
"StaticRoutingDecisionProvider","unclassified","save","command",
"StaticRoutingDecisionProvider","unclassified","reloadFromUserControlledList","command collaborator",
"StaticRoutingDecisionProvider","unclassified","getConfigFile","factory wrapper stateless",
"StaticRoutingDecisionProvider","unclassified","parseFileIntoList","controller stateless",
"Node","boundary","getDisplayName","wrapper stateless",
"Node","boundary","getSearchUrl","property non-void-command collaborator",
"Node","boundary","isHoldOffLaunchUntilSave","get",
"Node","boundary","save","command",
"Node","boundary","getConfigFile","property non-void-command collaborator",
"Node","boundary","toComputer","property controller",
"Node","boundary","getChannel","property non-void-command collaborator",
"Node","boundary","isAcceptingTasks","incidental",
"Node","boundary","onLoad","set",
"Node","boundary","setTemporaryOfflineCause","command collaborator",
"Node","boundary","getTemporaryOfflineCause","get collaborator",
"Node","boundary","getLabelCloud","property non-void-command factory collaborator",
"Node","boundary","getLabelAtomSet","wrapper stateless",
"Node","boundary","getAssignedLabels","property non-void-command collaborator",
"Node","boundary","getDynamicLabels","factory controller",
"Node","boundary","setLabelString","stateless",
"Node","boundary","getSelfLabel","wrapper stateless",
"Node","boundary","canTake","collaborator incidental",
"Node","boundary","canTake","property non-void-command factory collaborator",
"Node","boundary","createPath","property non-void-command factory collaborator",
"Node","boundary","getFileSystemProvisioner","collaborator incidental",
"Node","boundary","getNodeProperty","controller stateless",
"Node","boundary","getNodeProperty","property non-void-command collaborator",
"Node","boundary","getNodePropertyDescriptors","property wrapper",
"Node","boundary","getACL","property non-void-command collaborator",
"Node","boundary","reconfigure","property controller",
"Node","boundary","getClockDifference","property non-void-command collaborator",
"Node","boundary","getDescription","property non-void-command",
"Node","boundary","getName","wrapper stateless",
"Node","boundary","Mode","constructor",
"Node","boundary","getRootDir","property non-void-command collaborator",
"Node","boundary","getParent","get non-void-command collaborator",
"DoubleLaunchChecker","lazy-class","DoubleLaunchChecker","constructor",
"DoubleLaunchChecker","lazy-class","getDisplayName","wrapper stateless",
"DoubleLaunchChecker","lazy-class","isActivated","get",
"DoubleLaunchChecker","lazy-class","execute","command",
"DoubleLaunchChecker","lazy-class","getId","wrapper stateless",
"DoubleLaunchChecker","lazy-class","getCollidingId","get",
"LineTransformationOutputStreamTest","commander","nl","command",
"LineTransformationOutputStreamTest","commander","crnl","command",
"LineTransformationOutputStreamTest","commander","cr","command",
"LineTransformationOutputStreamTest","commander","test","controller stateless",
"MyView","boundary","MyView","constructor",
"MyView","boundary","MyView","constructor",
"MyView","boundary","contains","predicate controller",
"MyView","boundary","doCreateItem","property non-void-command collaborator",
"MyView","boundary","getItems","property non-void-command collaborator",
"MyView","boundary","getPostConstructLandingPage","incidental",
"MyView","boundary","submit","empty",
"SuggestedItem","entity boundary","SuggestedItem","constructor",
"SuggestedItem","entity boundary","SuggestedItem","copy-constructor",
"SuggestedItem","entity boundary","getPath","get property non-void-command collaborator",
"SuggestedItem","entity boundary","getPath","command collaborator",
"SuggestedItem","entity boundary","getUrl","property non-void-command collaborator",
"SuggestedItem","entity boundary","getUrl","command collaborator",
"ParametersAction","boundary","ParametersAction","constructor",
"ParametersAction","boundary","ParametersAction","constructor",
"ParametersAction","boundary","ParametersAction","constructor",
"ParametersAction","boundary","createBuildWrappers","command collaborator",
"ParametersAction","boundary","buildEnvironment","command collaborator",
"ParametersAction","boundary","substitute","property non-void-command",
"ParametersAction","boundary","createVariableResolver","property non-void-command factory collaborator",
"ParametersAction","boundary","iterator","property non-void-command collaborator",
"ParametersAction","boundary","getParameters","property non-void-command collaborator",
"ParametersAction","boundary","getParameter","property controller",
"ParametersAction","boundary","getAssignedLabel","property non-void-command collaborator",
"ParametersAction","boundary","getDisplayName","wrapper stateless",
"ParametersAction","boundary","getIconFileName","incidental",
"ParametersAction","boundary","getUrlName","incidental",
"ParametersAction","boundary","shouldSchedule","predicate non-void-command collaborator",
"ParametersAction","boundary","createUpdated","get property factory controller",
"ParametersAction","boundary","merge","get property non-void-command factory",
"ParametersAction","boundary","readResolve","get non-void-command collaborator",
"ParametersAction","boundary","onAttached","command collaborator",
"ParametersAction","boundary","onLoad","set collaborator",
"ParametersAction","boundary","filter","property non-void-command factory collaborator",
"ParametersAction","boundary","getAllParameters","property wrapper",
"ParametersAction","boundary","isSafeParameter","predicate non-void-command",
"LoadBalancer","factory controller data-class small-class","sanitize","get property non-void-command factory",
"SimpleGlobalBuildDiscarderStrategy","boundary","SimpleGlobalBuildDiscarderStrategy","constructor",
"SimpleGlobalBuildDiscarderStrategy","boundary","getDiscarder","get collaborator",
"SimpleGlobalBuildDiscarderStrategy","boundary","isApplicable","collaborator incidental",
"SimpleGlobalBuildDiscarderStrategy","boundary","apply","command collaborator",
"MethodBinder","entity boundary small-class","MethodBinder","constructor",
"MethodBinder","entity boundary small-class","call","property non-void-command collaborator",
"EnvVarsFilterRuleContext","data-provider boundary data-class small-class","EnvVarsFilterRuleContext","constructor",
"EnvVarsFilterRuleContext","data-provider boundary data-class small-class","getLauncher","get collaborator",
"EnvVarsFilterRuleContext","data-provider boundary data-class small-class","getTaskListener","get collaborator",
"EscapedMarkupFormatter","pure-controller degenerate small-class","EscapedMarkupFormatter","constructor",
"EscapedMarkupFormatter","pure-controller degenerate small-class","translate","controller stateless",
"ACLContext","entity boundary","ACLContext","constructor",
"ACLContext","entity boundary","getPreviousContext2","get collaborator",
"ACLContext","entity boundary","getPreviousContext","property non-void-command collaborator",
"ACLContext","entity boundary","close","wrapper",
"QueueTaskDispatcher","entity boundary degenerate","canTake","collaborator incidental",
"QueueTaskDispatcher","entity boundary degenerate","canTake","property non-void-command collaborator",
"QueueTaskDispatcher","entity boundary degenerate","canRun","collaborator incidental",
"ExtensionComponentSet","entity factory controller small-class","filtered","property non-void-command factory collaborator",
"ViewOptionHandler","degenerate","ViewOptionHandler","constructor",
"ViewOptionHandler","degenerate","parseArguments","property non-void-command collaborator",
"ViewOptionHandler","degenerate","getView","controller stateless",
"ViewOptionHandler","degenerate","getDefaultMetaVariable","incidental",
"NodePropertyDescriptor","small-class","NodePropertyDescriptor","constructor",
"NodePropertyDescriptor","small-class","NodePropertyDescriptor","constructor",
"NodePropertyDescriptor","small-class","isApplicableAsGlobal","predicate non-void-command",
"RangeItem","empty","RangeItem","constructor",
"LoadPredictor","entity boundary small-class","predict","property non-void-command collaborator",
"LoadPredictor","entity boundary small-class","predict","wrapper stateless",
"JDK","unclassified","JDK","constructor",
"JDK","unclassified","JDK","constructor",
"JDK","unclassified","getJavaHome","property non-void-command",
"JDK","unclassified","getBinDir","property non-void-command factory collaborator",
"JDK","unclassified","getExecutable","property non-void-command factory collaborator",
"JDK","unclassified","getExists","predicate non-void-command",
"JDK","unclassified","buildEnvVars","command",
"JDK","unclassified","buildEnvVars","command collaborator",
"JDK","unclassified","forNode","property non-void-command factory collaborator",
"JDK","unclassified","forEnvironment","property non-void-command factory collaborator",
"TaskAction","boundary","getLog","property non-void-command collaborator",
"TaskAction","boundary","obtainLog","property controller",
"TaskAction","boundary","getSearchUrl","wrapper stateless",
"TaskAction","boundary","getWorkerThread","get collaborator",
"TaskAction","boundary","doProgressiveLog","command collaborator",
"TaskAction","boundary","doProgressiveHtml","command collaborator",
"TaskAction","boundary","doClearError","set collaborator",
"BuildTimeTrend","pure-controller degenerate small-class","calculate","controller stateless",
"WorkUnitContext","entity commander boundary","WorkUnitContext","constructor",
"WorkUnitContext","entity commander boundary","createWorkUnit","non-void-command factory collaborator",
"WorkUnitContext","entity commander boundary","getWorkUnits","property wrapper",
"WorkUnitContext","entity commander boundary","getPrimaryWorkUnit","property non-void-command collaborator",
"WorkUnitContext","entity commander boundary","synchronizeStart","command collaborator",
"WorkUnitContext","entity commander boundary","synchronizeEnd","command",
"WorkUnitContext","entity commander boundary","synchronizeEnd","command collaborator",
"WorkUnitContext","entity commander boundary","abort","command collaborator",
"OneShotEvent","commander","OneShotEvent","constructor",
"OneShotEvent","commander","OneShotEvent","constructor",
"OneShotEvent","commander","signal","set",
"OneShotEvent","commander","block","command",
"OneShotEvent","commander","block","command",
"OneShotEvent","commander","isSignaled","get",
"UnionSearchIndex","commander boundary small-class","UnionSearchIndex","constructor",
"UnionSearchIndex","commander boundary small-class","find","command collaborator",
"UnionSearchIndex","commander boundary small-class","suggest","command collaborator",
"VersionCommand","degenerate small-class","getShortDescription","wrapper stateless",
"VersionCommand","degenerate small-class","run","incidental",
"Functions","boundary degenerate","Functions","constructor",
"Functions","boundary degenerate","generateId","property non-void-command",
"Functions","boundary degenerate","getJDKDescriptor","wrapper stateless",
"Functions","boundary degenerate","getServerName","property non-void-command",
"Functions","boundary degenerate","getCheckUrl","wrapper stateless",
"Functions","boundary degenerate","calcCheckUrl","controller stateless",
"Functions","boundary degenerate","hyperlinkMatchesCurrentPage","controller stateless",
"Functions","boundary degenerate","singletonList","wrapper stateless",
"Functions","boundary degenerate","prepend","controller stateless",
"Functions","boundary degenerate","getLoggerNames","property non-void-command collaborator",
"Functions","boundary degenerate","getPasswordValue","property non-void-command collaborator",
"Functions","boundary degenerate","getJellyViewsInformationForCurrentRequest","controller stateless",
"Functions","boundary degenerate","filterDescriptors","wrapper stateless",
"Functions","boundary degenerate","getUserAvatar","wrapper stateless",
"LazyTaskListener","small-class","LazyTaskListener","constructor",
"LazyTaskListener","small-class","getLogger","property non-void-command collaborator",
"LazyTaskListener","small-class","close","command",
"JobPropertyDescriptor","small-class","JobPropertyDescriptor","constructor",
"JobPropertyDescriptor","small-class","JobPropertyDescriptor","constructor",
"JobPropertyDescriptor","small-class","newInstance","property non-void-command collaborator",
"JobPropertyDescriptor","small-class","isApplicable","predicate controller",
"GetViewCommand","small-class","getShortDescription","wrapper stateless",
"GetViewCommand","small-class","run","property non-void-command",
"ArtifactManagerConfiguration","entity boundary","readResolve","get non-void-command collaborator",
"ArtifactManagerConfiguration","entity boundary","getArtifactManagerFactories","get collaborator",
"ArtifactManagerConfiguration","entity boundary","configure","predicate non-void-command collaborator",
"CharacterEncodingFilter","commander boundary","init","command collaborator",
"CharacterEncodingFilter","commander boundary","destroy","command",
"CharacterEncodingFilter","commander boundary","doFilter","command collaborator",
"CharacterEncodingFilter","commander boundary","shouldSetCharacterEncoding","predicate controller",
"CauseAction","entity boundary","CauseAction","constructor",
"CauseAction","entity boundary","addCause","command collaborator",
"CauseAction","entity boundary","addCauses","command collaborator",
"CauseAction","entity boundary","CauseAction","constructor",
"CauseAction","entity boundary","CauseAction","constructor",
"CauseAction","entity boundary","CauseAction","copy-constructor",
"CauseAction","entity boundary","getCauses","property non-void-command collaborator",
"CauseAction","entity boundary","findCause","property non-void-command collaborator",
"CauseAction","entity boundary","getDisplayName","incidental",
"CauseAction","entity boundary","getIconFileName","incidental",
"CauseAction","entity boundary","getUrlName","incidental",
"CauseAction","entity boundary","getCauseCounts","property wrapper",
"CauseAction","entity boundary","getShortDescription","property non-void-command",
"CauseAction","entity boundary","onLoad","command collaborator",
"CauseAction","entity boundary","onAttached","command collaborator",
"CauseAction","entity boundary","foldIntoExisting","command collaborator",
"PaneStatusProperties","unclassified","isCollapsed","predicate non-void-command",
"PaneStatusProperties","unclassified","toggleCollapsed","predicate non-void-command",
"PaneStatusProperties","unclassified","save","command",
"PaneStatusProperties","unclassified","readResolve","get non-void-command collaborator",
"XmlFile","entity boundary","XmlFile","constructor",
"XmlFile","entity boundary","XmlFile","constructor",
"XmlFile","entity boundary","XmlFile","constructor",
"XmlFile","entity boundary","getFile","get collaborator",
"XmlFile","entity boundary","getXStream","get collaborator",
"XmlFile","entity boundary","read","property non-void-command collaborator",
"XmlFile","entity boundary","unmarshal","property non-void-command collaborator",
"XmlFile","entity boundary","unmarshalNullingOut","property non-void-command collaborator",
"XmlFile","entity boundary","unmarshal","property non-void-command collaborator",
"XmlFile","entity boundary","write","command collaborator",
"XmlFile","entity boundary","exists","predicate non-void-command",
"XmlFile","entity boundary","delete","wrapper",
"XmlFile","entity boundary","mkdirs","command",
"XmlFile","entity boundary","toString","property non-void-command",
"XmlFile","entity boundary","readRaw","property non-void-command factory collaborator",
"XmlFile","entity boundary","asString","property non-void-command collaborator",
"XmlFile","entity boundary","writeRawTo","command collaborator",
"XmlFile","entity boundary","sniffEncoding","property non-void-command",
"TriggerDescriptor","empty","TriggerDescriptor","constructor",
"TriggerDescriptor","empty","TriggerDescriptor","constructor",
"MultiStageTimeSeries","entity boundary","MultiStageTimeSeries","constructor",
"MultiStageTimeSeries","entity boundary","MultiStageTimeSeries","constructor",
"MultiStageTimeSeries","entity boundary","update","command",
"MultiStageTimeSeries","entity boundary","pick","get collaborator",
"MultiStageTimeSeries","entity boundary","getLatest","property non-void-command collaborator",
"MultiStageTimeSeries","entity boundary","getApi","property factory collaborator",
"MultiStageTimeSeries","entity boundary","TimeScale","constructor",
"MultiStageTimeSeries","entity boundary","createDateFormat","property factory collaborator",
"EnvironmentContributor","degenerate small-class","buildEnvironmentFor","empty",
"EnvironmentContributor","degenerate small-class","buildEnvironmentFor","empty",
"LazyLoadRunMapEntrySet<R>","entity minimal-entity boundary","LazyLoadRunMapEntrySet","constructor",
"LazyLoadRunMapEntrySet<R>","entity minimal-entity boundary","all","get set factory collaborator",
"LazyLoadRunMapEntrySet<R>","entity minimal-entity boundary","clearCache","set",
"LazyLoadRunMapEntrySet<R>","entity minimal-entity boundary","size","property non-void-command",
"LazyLoadRunMapEntrySet<R>","entity minimal-entity boundary","isEmpty","predicate non-void-command",
"LazyLoadRunMapEntrySet<R>","entity minimal-entity boundary","contains","predicate non-void-command collaborator",
"LazyLoadRunMapEntrySet<R>","entity minimal-entity boundary","iterator","property non-void-command factory collaborator",
"LazyLoadRunMapEntrySet<R>","entity minimal-entity boundary","spliterator","property non-void-command collaborator",
"LazyLoadRunMapEntrySet<R>","entity minimal-entity boundary","toArray","property non-void-command collaborator",
"LazyLoadRunMapEntrySet<R>","entity minimal-entity boundary","toArray","property non-void-command collaborator",
"LazyLoadRunMapEntrySet<R>","entity minimal-entity boundary","add","collaborator stateless",
"LazyLoadRunMapEntrySet<R>","entity minimal-entity boundary","remove","predicate non-void-command collaborator",
"MasterToSlaveCallable<V,TextendsThrowable>","pure-controller small-class","checkRoles","controller",
"EnvVarsFilterGlobalRule","boundary degenerate small-class","getDescriptor","wrapper stateless",
"UpdateJobCommand","small-class","getShortDescription","wrapper stateless",
"UpdateJobCommand","small-class","run","property non-void-command",
"GetNodeCommand","small-class","getShortDescription","wrapper stateless",
"GetNodeCommand","small-class","run","property non-void-command",
"QuotedStringTokenizer","unclassified","QuotedStringTokenizer","constructor",
"QuotedStringTokenizer","unclassified","QuotedStringTokenizer","constructor",
"QuotedStringTokenizer","unclassified","QuotedStringTokenizer","constructor",
"QuotedStringTokenizer","unclassified","QuotedStringTokenizer","constructor",
"QuotedStringTokenizer","unclassified","toArray","property non-void-command",
"QuotedStringTokenizer","unclassified","hasMoreTokens","get predicate non-void-command",
"QuotedStringTokenizer","unclassified","nextToken","property non-void-command",
"QuotedStringTokenizer","unclassified","nextToken","property non-void-command",
"QuotedStringTokenizer","unclassified","hasMoreElements","predicate non-void-command",
"QuotedStringTokenizer","unclassified","nextElement","property non-void-command collaborator",
"QuotedStringTokenizer","unclassified","countTokens","incidental",
"QuotedStringTokenizer","unclassified","getDouble","get",
"QuotedStringTokenizer","unclassified","setDouble","set",
"QuotedStringTokenizer","unclassified","getSingle","get",
"QuotedStringTokenizer","unclassified","setSingle","set",
"ResourceDomainFilter","entity boundary small-class","handle","predicate non-void-command collaborator",
"GlobalSecurityConfiguration","boundary","getSecurityRealm","property non-void-command collaborator",
"GlobalSecurityConfiguration","boundary","getAuthorizationStrategy","property non-void-command collaborator",
"GlobalSecurityConfiguration","boundary","getMarkupFormatter","property non-void-command collaborator",
"GlobalSecurityConfiguration","boundary","getSlaveAgentPort","property non-void-command",
"GlobalSecurityConfiguration","boundary","isSlaveAgentPortEnforced","predicate non-void-command",
"GlobalSecurityConfiguration","boundary","getAgentProtocols","property non-void-command",
"GlobalSecurityConfiguration","boundary","isDisableRememberMe","predicate non-void-command",
"GlobalSecurityConfiguration","boundary","getCategory","collaborator incidental",
"GlobalSecurityConfiguration","boundary","doConfigure","command collaborator",
"GlobalSecurityConfiguration","boundary","configure","predicate non-void-command collaborator",
"GlobalSecurityConfiguration","boundary","configureDescriptor","controller stateless",
"GlobalSecurityConfiguration","boundary","getDisplayName","property non-void-command",
"GlobalSecurityConfiguration","boundary","getDescription","wrapper stateless",
"GlobalSecurityConfiguration","boundary","getIconFileName","incidental",
"GlobalSecurityConfiguration","boundary","getUrlName","incidental",
"GlobalSecurityConfiguration","boundary","getRequiredPermission","collaborator incidental",
"GlobalSecurityConfiguration","boundary","getDescriptor","wrapper stateless",
"SessionIdCommand","degenerate small-class","getShortDescription","wrapper stateless",
"SessionIdCommand","degenerate small-class","run","incidental",
"FilePathGlobalSettingsProvider","small-class","FilePathGlobalSettingsProvider","constructor",
"FilePathGlobalSettingsProvider","small-class","getPath","get",
"FilePathGlobalSettingsProvider","small-class","supplySettings","property non-void-command collaborator",
"QueueItemAuthenticatorConfiguration","entity boundary","readResolve","get non-void-command collaborator",
"QueueItemAuthenticatorConfiguration","entity boundary","getCategory","wrapper stateless",
"QueueItemAuthenticatorConfiguration","entity boundary","getAuthenticators","get collaborator",
"QueueItemAuthenticatorConfiguration","entity boundary","configure","predicate non-void-command collaborator",
"AsyncPeriodicWork","commander boundary small-class","AsyncPeriodicWork","constructor",
"AsyncPeriodicWork","commander boundary small-class","doRun","command collaborator",
"AutoBrowserHolder","entity boundary small-class","AutoBrowserHolder","constructor",
"AutoBrowserHolder","entity boundary small-class","get","get non-void-command collaborator",
"AutoBrowserHolder","entity boundary small-class","infer","property non-void-command collaborator",
"WindowsServiceLifecycle","commander boundary","WindowsServiceLifecycle","constructor",
"WindowsServiceLifecycle","commander boundary","updateJenkinsExeIfNeeded","command collaborator",
"WindowsServiceLifecycle","commander boundary","rewriteHudsonWar","command collaborator",
"WindowsServiceLifecycle","commander boundary","restart","command",
"OnlineNodeCommand","small-class","getShortDescription","wrapper stateless",
"OnlineNodeCommand","small-class","run","property controller",
"RobustCollectionConverterTest","unclassified","workingByDefaultWithSimplePayload","controller stateless",
"RobustCollectionConverterTest","unclassified","dosIsPrevented_customProgrammaticallyTimeout","command collaborator",
"RobustCollectionConverterTest","unclassified","dosIsPrevented_customPropertyTimeout","command collaborator",
"RobustCollectionConverterTest","unclassified","dosIsPrevented_defaultTimeout","command collaborator",
"RobustCollectionConverterTest","unclassified","preparePayload","factory controller stateless",
"AdministrativeMonitorsApiData","small-class","AdministrativeMonitorsApiData","constructor",
"AdministrativeMonitorsApiData","small-class","getMonitorsList","get collaborator",
"AdministrativeMonitorsApiData","small-class","hasActiveMonitors","predicate non-void-command",
"SystemProperties","empty","SystemProperties","constructor",
"MarkupFormatter","unclassified","translate","controller stateless",
"MarkupFormatter","unclassified","getHelpUrl","property non-void-command",
"MarkupFormatter","unclassified","getDescriptor","property non-void-command collaborator",
"MarkupFormatter","unclassified","doPreviewDescription","property controller",
"MarkupFormatter","unclassified","previewsNowNeedPostForSecurity2153","property non-void-command collaborator",
"SU","empty","SU","constructor",
"ReloadLink","degenerate","getIconFileName","incidental",
"ReloadLink","degenerate","getDisplayName","wrapper stateless",
"ReloadLink","degenerate","getDescription","wrapper stateless",
"ReloadLink","degenerate","getUrlName","incidental",
"ReloadLink","degenerate","getRequiresConfirmation","incidental",
"ReloadLink","degenerate","getRequiresPOST","incidental",
"ReloadLink","degenerate","getRequiredPermission","collaborator incidental",
"ReloadLink","degenerate","getCategory","collaborator incidental",
"EnvVarsFilterGlobalConfiguration","entity boundary small-class","EnvVarsFilterGlobalConfiguration","constructor",
"EnvVarsFilterGlobalConfiguration","entity boundary small-class","getCategory","wrapper stateless",
"EnvVarsFilterGlobalConfiguration","entity boundary small-class","configure","predicate non-void-command collaborator",
"FederatedLoginServiceUserProperty","unclassified","FederatedLoginServiceUserProperty","constructor",
"FederatedLoginServiceUserProperty","unclassified","has","predicate non-void-command",
"FederatedLoginServiceUserProperty","unclassified","getIdentifiers","property wrapper",
"FederatedLoginServiceUserProperty","unclassified","addIdentifier","command",
"JnlpSlaveRestarterInstaller","pure-controller small-class","onOnline","controller",
"OfflineNodeCommand","small-class","getShortDescription","wrapper stateless",
"OfflineNodeCommand","small-class","run","property controller",
"WebAppMain","commander boundary","contextInitialized","command collaborator",
"WebAppMain","commander boundary","joinInit","command",
"WebAppMain","commander boundary","recordBootAttempt","command collaborator",
"WebAppMain","commander boundary","installLogger","command",
"WebAppMain","commander boundary","getHomeDir","property factory controller",
"WebAppMain","commander boundary","contextDestroyed","command collaborator",
"TransientBuildActionFactory","entity boundary small-class","createFor","property non-void-command collaborator",
"TransientBuildActionFactory","entity boundary small-class","createFor","wrapper stateless",
"BasicHeaderApiTokenAuthenticator","entity boundary small-class","authenticate2","property non-void-command collaborator",
"ExtensionList<T>","boundary","ExtensionList","constructor",
"ExtensionList<T>","boundary","ExtensionList","constructor",
"ExtensionList<T>","boundary","ExtensionList","constructor",
"ExtensionList<T>","boundary","ExtensionList","constructor",
"ExtensionList<T>","boundary","addListener","command collaborator",
"ExtensionList<T>","boundary","get","property controller",
"ExtensionList<T>","boundary","getInstance","property controller",
"ExtensionList<T>","boundary","iterator","property non-void-command factory collaborator",
"ExtensionList<T>","boundary","getComponents","property non-void-command collaborator",
"ExtensionList<T>","boundary","get","property non-void-command collaborator",
"ExtensionList<T>","boundary","size","property non-void-command",
"ExtensionList<T>","boundary","reverseView","property non-void-command factory collaborator",
"ExtensionList<T>","boundary","remove","predicate non-void-command collaborator",
"ExtensionList<T>","boundary","removeAll","predicate non-void-command collaborator",
"ExtensionList<T>","boundary","removeSync","predicate non-void-command collaborator",
"ExtensionList<T>","boundary","removeComponent","controller stateless",
"ExtensionList<T>","boundary","remove","property non-void-command collaborator",
"ExtensionList<T>","boundary","add","predicate non-void-command collaborator",
"ExtensionList<T>","boundary","addSync","predicate non-void-command collaborator",
"ExtensionList<T>","boundary","add","command collaborator",
"ExtensionList<T>","boundary","getDynamic","property controller",
"ExtensionList<T>","boundary","ensureLoaded","get non-void-command collaborator",
"ExtensionList<T>","boundary","getLoadLock","property wrapper",
"ExtensionList<T>","boundary","refresh","command collaborator",
"ExtensionList<T>","boundary","fireOnChangeListeners","command collaborator",
"ExtensionList<T>","boundary","load","property non-void-command collaborator",
"ExtensionList<T>","boundary","load","property controller",
"ExtensionList<T>","boundary","sort","factory wrapper stateless",
"FingerprintMap","entity boundary","isReady","predicate non-void-command",
"FingerprintMap","entity boundary","getOrCreate","property non-void-command collaborator",
"FingerprintMap","entity boundary","getOrCreate","property non-void-command collaborator",
"FingerprintMap","entity boundary","getOrCreate","property non-void-command collaborator",
"FingerprintMap","entity boundary","get","property non-void-command collaborator",
"FingerprintMap","entity boundary","create","factory wrapper stateless",
"FingerprintMap","entity boundary","load","wrapper stateless",
"InstallerTranslator","entity boundary small-class","getToolHome","property non-void-command collaborator",
"ParametersDefinitionProperty","boundary","ParametersDefinitionProperty","constructor",
"ParametersDefinitionProperty","boundary","ParametersDefinitionProperty","constructor",
"ParametersDefinitionProperty","boundary","readResolve","property collaborator",
"ParametersDefinitionProperty","boundary","getBuildButtonText","property wrapper",
"ParametersDefinitionProperty","boundary","getOwner","property collaborator",
"ParametersDefinitionProperty","boundary","getJob","property collaborator",
"ParametersDefinitionProperty","boundary","getParameterDefinitions","get collaborator",
"ParametersDefinitionProperty","boundary","getParameterDefinitionNames","get",
"ParametersDefinitionProperty","boundary","getJobActions","property wrapper",
"ParametersDefinitionProperty","boundary","getJobActions","property non-void-command collaborator",
"ParametersDefinitionProperty","boundary","getProject","property collaborator",
"ParametersDefinitionProperty","boundary","_doBuild","command collaborator",
"ParametersDefinitionProperty","boundary","_doBuild","command collaborator",
"ParametersDefinitionProperty","boundary","buildWithParameters","command collaborator",
"ParametersDefinitionProperty","boundary","buildWithParameters","command collaborator",
"ParametersDefinitionProperty","boundary","getParameterDefinition","property controller",
"ParametersDefinitionProperty","boundary","getDisplayName","incidental",
"ParametersDefinitionProperty","boundary","getIconFileName","incidental",
"ParametersDefinitionProperty","boundary","getUrlName","incidental",
"PluginFirstClassLoader2","entity boundary","PluginFirstClassLoader2","constructor",
"PluginFirstClassLoader2","entity boundary","loadClass","property non-void-command collaborator",
"PluginFirstClassLoader2","entity boundary","getResource","property non-void-command collaborator",
"PluginFirstClassLoader2","entity boundary","getResources","property non-void-command factory collaborator",
"AtmostOneTaskExecutorTest","pure-controller degenerate small-class","doubleBooking","controller stateless",
"Queue","boundary","Queue","constructor",
"Queue","boundary","getLoadBalancer","get collaborator",
"Queue","boundary","setLoadBalancer","set collaborator",
"Queue","boundary","getSorter","get collaborator",
"Queue","boundary","setSorter","set collaborator",
"Queue","boundary","load","command collaborator",
"Queue","boundary","save","command collaborator",
"Queue","boundary","clear","command collaborator",
"Queue","boundary","getXMLQueueFile","factory wrapper stateless",
"Queue","boundary","add","predicate non-void-command collaborator",
"Queue","boundary","schedule","property non-void-command collaborator",
"Queue","boundary","add","predicate non-void-command",
"Queue","boundary","schedule","property non-void-command collaborator",
"Queue","boundary","schedule2","property non-void-command collaborator",
"Queue","boundary","scheduleInternal","property non-void-command collaborator",
"Queue","boundary","add","predicate non-void-command",
"Queue","boundary","schedule","property non-void-command collaborator",
"Queue","boundary","add","predicate non-void-command collaborator",
"Queue","boundary","schedule","property non-void-command collaborator",
"Queue","boundary","schedule2","property non-void-command collaborator",
"Queue","boundary","cancel","predicate non-void-command collaborator",
"Queue","boundary","updateSnapshot","command collaborator",
"Queue","boundary","cancel","predicate non-void-command collaborator",
"Queue","boundary","doCancelItem","property non-void-command collaborator",
"Queue","boundary","isEmpty","predicate controller",
"Queue","boundary","peek","property non-void-command collaborator",
"Queue","boundary","getItems","non-void-command factory collaborator",
"Queue","boundary","checkPermissionsAndAddToList","controller stateless",
"Queue","boundary","getDiscoverableItems","non-void-command factory collaborator",
"Queue","boundary","filterDiscoverableItemListBasedOnPermissions","controller stateless",
"Queue","boundary","getApproximateItemsQuickly","property non-void-command collaborator",
"Queue","boundary","getItem","property non-void-command collaborator",
"Queue","boundary","getBuildableItems","non-void-command factory collaborator",
"Queue","boundary","_getBuildableItems","controller stateless",
"Queue","boundary","getBuildableItems","factory controller",
"Queue","boundary","getPendingItems","get factory collaborator",
"Queue","boundary","getBlockedItems","get factory collaborator",
"Queue","boundary","getLeftItems","property non-void-command collaborator",
"Queue","boundary","clearLeftItems","command",
"Queue","boundary","getUnblockedItems","factory controller",
"Queue","boundary","getUnblockedTasks","non-void-command factory collaborator",
"Queue","boundary","isPending","predicate controller",
"Queue","boundary","countBuildableItemsFor","property controller",
"Queue","boundary","strictCountBuildableItemsFor","property controller",
"Queue","boundary","countBuildableItems","property non-void-command",
"Queue","boundary","getItem","property controller",
"Queue","boundary","liveGetItems","non-void-command factory collaborator",
"Queue","boundary","getItems","factory controller",
"Queue","boundary","contains","predicate non-void-command collaborator",
"Queue","boundary","onStartExecuting","command collaborator",
"Queue","boundary","scheduleMaintenance","property non-void-command collaborator",
"Queue","boundary","getCauseOfBlockageForItem","property non-void-command collaborator",
"Queue","boundary","getCauseOfBlockageForTask","property non-void-command collaborator",
"Queue","boundary","_await","command",
"Queue","boundary","_signalAll","command",
"Queue","boundary","_withLock","command collaborator",
"Queue","boundary","_tryWithLock","predicate non-void-command collaborator",
"Queue","boundary","_withLock","property non-void-command collaborator",
"Queue","boundary","_withLock","property non-void-command collaborator",
"Queue","boundary","maintain","command collaborator",
"Queue","boundary","makeBuildable","property non-void-command factory collaborator",
"Queue","boundary","makeFlyWeightTaskBuildable","property non-void-command collaborator",
"Queue","boundary","createFlyWeightTaskRunnable","property non-void-command collaborator",
"Queue","boundary","makePending","predicate non-void-command collaborator",
"Queue","boundary","getApi","property factory collaborator",
"OperatingSystemEndOfLifeAdminMonitor","unclassified","OperatingSystemEndOfLifeAdminMonitor","constructor",
"OperatingSystemEndOfLifeAdminMonitor","unclassified","OperatingSystemEndOfLifeAdminMonitor","constructor",
"OperatingSystemEndOfLifeAdminMonitor","unclassified","fillOperatingSystemList","command",
"OperatingSystemEndOfLifeAdminMonitor","unclassified","readOperatingSystemList","command",
"OperatingSystemEndOfLifeAdminMonitor","unclassified","getDataFile","factory controller stateless",
"OperatingSystemEndOfLifeAdminMonitor","unclassified","readOperatingSystemName","property non-void-command collaborator",
"OperatingSystemEndOfLifeAdminMonitor","unclassified","getOperatingSystemName","get",
"OperatingSystemEndOfLifeAdminMonitor","unclassified","getEndOfLifeDate","get",
"OperatingSystemEndOfLifeAdminMonitor","unclassified","getAfterEndOfLifeDate","get",
"OperatingSystemEndOfLifeAdminMonitor","unclassified","getDocumentationUrl","get",
"OperatingSystemEndOfLifeAdminMonitor","unclassified","readDocumentationUrl","property non-void-command",
"OperatingSystemEndOfLifeAdminMonitor","unclassified","buildDocumentationUrl","property controller",
"OperatingSystemEndOfLifeAdminMonitor","unclassified","doAct","property non-void-command factory collaborator",
"OperatingSystemEndOfLifeAdminMonitor","unclassified","isActivated","predicate non-void-command",
"OperatingSystemEndOfLifeAdminMonitor","unclassified","getRequiredPermission","collaborator incidental",
"OperatingSystemEndOfLifeAdminMonitor","unclassified","getDisplayName","incidental",
"ListChangesCommand","entity boundary small-class","getShortDescription","wrapper stateless",
"ListChangesCommand","entity boundary small-class","act","property non-void-command collaborator",
"WaitNodeOfflineCommand","small-class","getShortDescription","wrapper stateless",
"WaitNodeOfflineCommand","small-class","run","property non-void-command",
"SHELLEXECUTEINFO","boundary degenerate small-class","getFieldOrder","wrapper stateless",
"UserSeedSecurityListener","degenerate small-class","loggedIn","wrapper stateless",
"UserSeedSecurityListener","degenerate small-class","authenticated2","controller stateless",
"GroovyCommand","unclassified","getShortDescription","wrapper stateless",
"GroovyCommand","unclassified","run","property non-void-command",
"GroovyCommand","unclassified","loadScript","property non-void-command",
"HelpCommand","boundary","getShortDescription","wrapper stateless",
"HelpCommand","boundary","run","property non-void-command",
"HelpCommand","boundary","showAllCommands","controller stateless",
"HelpCommand","boundary","showCommandDetails","property non-void-command collaborator",
"RunListener<RextendsRun>","degenerate","RunListener","constructor",
"RunListener<RextendsRun>","degenerate","RunListener","constructor",
"RunListener<RextendsRun>","degenerate","onCompleted","empty",
"RunListener<RextendsRun>","degenerate","onFinalized","empty",
"RunListener<RextendsRun>","degenerate","onInitialize","empty",
"RunListener<RextendsRun>","degenerate","onStarted","empty",
"RunListener<RextendsRun>","degenerate","setUpEnvironment","factory collaborator incidental",
"RunListener<RextendsRun>","degenerate","onDeleted","empty",
"RunListener<RextendsRun>","degenerate","allowLoad","incidental",
"RunListener<RextendsRun>","degenerate","register","wrapper",
"RunListener<RextendsRun>","degenerate","unregister","wrapper",
"XStream2EncodingTest","pure-controller degenerate small-class","toXMLUnspecifiedEncoding","controller stateless",
"XStream2EncodingTest","pure-controller degenerate small-class","toXMLUTF8","controller stateless",
"Authentication","factory controller small-class","toSpring","property factory",
"AboutJenkins","boundary degenerate","getIconFileName","incidental",
"AboutJenkins","boundary degenerate","getUrlName","incidental",
"AboutJenkins","boundary degenerate","getDisplayName","wrapper stateless",
"AboutJenkins","boundary degenerate","getDescription","wrapper stateless",
"AboutJenkins","boundary degenerate","getLicensesURL","wrapper stateless",
"AboutJenkins","boundary degenerate","getRequiredPermission","collaborator incidental",
"AboutJenkins","boundary degenerate","getCategory","collaborator incidental",
"RunWithSCM<JobTextendsJob<JobT,RunT>,RunTextendsRun<JobT,RunT>&RunWithSCM<JobT,RunT>>","controller","getCulprits","property non-void-command factory collaborator",
"RunWithSCM<JobTextendsJob<JobT,RunT>,RunTextendsRun<JobT,RunT>&RunWithSCM<JobT,RunT>>","controller","calculateCulprits","factory controller",
"RunWithSCM<JobTextendsJob<JobT,RunT>,RunTextendsRun<JobT,RunT>&RunWithSCM<JobT,RunT>>","controller","hasParticipant","predicate controller",
"PageDecorator","small-class","PageDecorator","copy-constructor",
"PageDecorator","small-class","PageDecorator","constructor",
"PageDecorator","small-class","getDescriptor","get collaborator",
"PageDecorator","small-class","getUrl","property non-void-command",
"ModelHyperlinkNote","degenerate small-class","ModelHyperlinkNote","constructor",
"ModelHyperlinkNote","degenerate small-class","extraAttributes","incidental",
"MarkFindingOutputStream","commander","MarkFindingOutputStream","constructor",
"MarkFindingOutputStream","commander","write","command",
"MarkFindingOutputStream","commander","write","void-accessor command",
"MarkFindingOutputStream","commander","flush","command",
"MarkFindingOutputStream","commander","close","command",
"MarkFindingOutputStream","commander","flushPartialMatch","set",
"AbstractNodeMonitorDescriptor<T>","boundary","AbstractNodeMonitorDescriptor","constructor",
"AbstractNodeMonitorDescriptor<T>","boundary","canTakeOffline","incidental",
"AbstractNodeMonitorDescriptor<T>","boundary","getConfigPage","property non-void-command",
"AbstractNodeMonitorDescriptor<T>","boundary","AbstractNodeMonitorDescriptor","constructor",
"AbstractNodeMonitorDescriptor<T>","boundary","AbstractNodeMonitorDescriptor","constructor",
"AbstractNodeMonitorDescriptor<T>","boundary","AbstractNodeMonitorDescriptor","constructor",
"AbstractNodeMonitorDescriptor<T>","boundary","schedule","command",
"AbstractNodeMonitorDescriptor<T>","boundary","monitor","non-void-command factory collaborator",
"AbstractNodeMonitorDescriptor<T>","boundary","get","property non-void-command collaborator",
"AbstractNodeMonitorDescriptor<T>","boundary","isInProgress","predicate non-void-command",
"AbstractNodeMonitorDescriptor<T>","boundary","getTimestamp","property",
"AbstractNodeMonitorDescriptor<T>","boundary","getTimestampString","property wrapper",
"AbstractNodeMonitorDescriptor<T>","boundary","isIgnored","predicate non-void-command collaborator",
"AbstractNodeMonitorDescriptor<T>","boundary","markOnline","predicate non-void-command collaborator",
"AbstractNodeMonitorDescriptor<T>","boundary","markOffline","predicate non-void-command collaborator",
"AbstractNodeMonitorDescriptor<T>","boundary","markOffline","predicate non-void-command collaborator",
"AbstractNodeMonitorDescriptor<T>","boundary","triggerUpdate","get non-void-command collaborator",
"AbstractNodeMonitorDescriptor<T>","boundary","getMonitoringTimeOut","wrapper stateless",
"HyperlinkNote","small-class","HyperlinkNote","constructor",
"HyperlinkNote","small-class","annotate","property non-void-command collaborator",
"HyperlinkNote","small-class","extraAttributes","incidental",
"FingerprintFacet","lazy-class","FingerprintFacet","constructor",
"FingerprintFacet","lazy-class","getFingerprint","get collaborator",
"FingerprintFacet","lazy-class","createActions","empty",
"FingerprintFacet","lazy-class","getTimestamp","get",
"FingerprintFacet","lazy-class","isFingerprintDeletionBlocked","incidental",
"FingerprintFacet","lazy-class","_setOwner","set collaborator",
"SCMDescriptor<TextendsSCM>","entity boundary","SCMDescriptor","constructor",
"SCMDescriptor<TextendsSCM>","entity boundary","SCMDescriptor","constructor",
"SCMDescriptor<TextendsSCM>","entity boundary","getGeneration","property non-void-command",
"SCMDescriptor<TextendsSCM>","entity boundary","incrementGeneration","command",
"SCMDescriptor<TextendsSCM>","entity boundary","load","command collaborator",
"SCMDescriptor<TextendsSCM>","entity boundary","isBrowserReusable","collaborator incidental",
"SCMDescriptor<TextendsSCM>","entity boundary","isApplicable","predicate non-void-command collaborator",
"SCMDescriptor<TextendsSCM>","entity boundary","isApplicable","predicate non-void-command collaborator",
"SCMDescriptor<TextendsSCM>","entity boundary","getBrowserDescriptors","property wrapper",
"RunList<RextendsRun>","boundary","RunList","constructor",
"RunList<RextendsRun>","boundary","RunList","constructor",
"RunList<RextendsRun>","boundary","RunList","constructor",
"RunList<RextendsRun>","boundary","RunList","constructor",
"RunList<RextendsRun>","boundary","RunList","constructor",
"RunList<RextendsRun>","boundary","iterator","property non-void-command collaborator",
"RunList<RextendsRun>","boundary","size","get non-void-command collaborator",
"RunList<RextendsRun>","boundary","get","property non-void-command collaborator",
"RunList<RextendsRun>","boundary","subList","non-void-command factory collaborator",
"RunList<RextendsRun>","boundary","spliterator","property non-void-command collaborator",
"RunList<RextendsRun>","boundary","indexOf","property controller",
"RunList<RextendsRun>","boundary","lastIndexOf","property controller",
"RunList<RextendsRun>","boundary","isEmpty","predicate non-void-command",
"RunList<RextendsRun>","boundary","getFirstBuild","get non-void-command collaborator",
"RunList<RextendsRun>","boundary","getLastBuild","property non-void-command collaborator",
"RunList<RextendsRun>","boundary","filter","property non-void-command collaborator",
"RunList<RextendsRun>","boundary","filter","get non-void-command collaborator",
"RunList<RextendsRun>","boundary","limit","get property non-void-command collaborator",
"RunList<RextendsRun>","boundary","limit","wrapper stateless",
"RunList<RextendsRun>","boundary","failureOnly","property non-void-command collaborator",
"RunList<RextendsRun>","boundary","overThresholdOnly","property non-void-command collaborator",
"RunList<RextendsRun>","boundary","completedOnly","property non-void-command collaborator",
"RunList<RextendsRun>","boundary","node","property non-void-command collaborator",
"RunList<RextendsRun>","boundary","regressionOnly","property non-void-command collaborator",
"RunList<RextendsRun>","boundary","byTimestamp","property non-void-command collaborator",
"RunList<RextendsRun>","boundary","newBuilds","property non-void-command collaborator",
"CopyJobCommand","entity boundary small-class","getShortDescription","wrapper stateless",
"CopyJobCommand","entity boundary small-class","run","property non-void-command collaborator",
"SubTaskContributor","boundary degenerate small-class","forProject","wrapper stateless",
"ConsoleCommand","boundary","getShortDescription","wrapper stateless",
"ConsoleCommand","boundary","run","property non-void-command collaborator",
"ConsoleCommand","boundary","seek","property controller",
"ConsoleCommand","boundary","printUsageSummary","collaborator incidental",
"I18n","pure-controller degenerate","getIconFileName","incidental",
"I18n","pure-controller degenerate","getDisplayName","incidental",
"I18n","pure-controller degenerate","getUrlName","incidental",
"I18n","pure-controller degenerate","doResourceBundle","controller stateless",
"PollingResult","small-class","PollingResult","constructor",
"PollingResult","small-class","PollingResult","constructor",
"PollingResult","small-class","hasChanges","predicate non-void-command",
"HasWidgets","commander boundary small-class","getWidgets","non-void-command collaborator",
"LabelAtom","boundary","LabelAtom","constructor",
"LabelAtom","boundary","getExpression","property wrapper",
"LabelAtom","boundary","isAtom","incidental",
"LabelAtom","boundary","getActions","property non-void-command collaborator",
"LabelAtom","boundary","updateTransientActions","set collaborator",
"LabelAtom","boundary","getDescription","get",
"LabelAtom","boundary","setDescription","set",
"LabelAtom","boundary","getProperties","get collaborator",
"LabelAtom","boundary","getPropertiesList","property non-void-command collaborator",
"LabelAtom","boundary","matches","predicate controller",
"LabelAtom","boundary","accept","property controller",
"LabelAtom","boundary","listAtoms","property wrapper",
"LabelAtom","boundary","precedence","collaborator incidental",
"LabelAtom","boundary","getConfigFile","property factory wrapper",
"LabelAtom","boundary","save","command",
"LabelAtom","boundary","load","command collaborator",
"LabelAtom","boundary","getApplicablePropertyDescriptors","wrapper stateless",
"LabelAtom","boundary","doConfigSubmit","command collaborator",
"LabelAtom","boundary","isInvalidName","predicate non-void-command",
"LabelAtom","boundary","doSubmitDescription","command collaborator",
"IconSetTest","boundary degenerate","testIconSetSize","controller stateless",
"IconSetTest","boundary degenerate","getSymbol","wrapper stateless",
"IconSetTest","boundary degenerate","getSymbol_cachedSymbolDoesntReturnAttributes","wrapper stateless",
"IconSetTest","boundary degenerate","getSymbol_cachedSymbolAllowsSettingAllAttributes","wrapper stateless",
"IconSetTest","boundary degenerate","getSymbol_notSettingTooltipDoesntAddTooltipAttribute","wrapper stateless",
"DependencyRunner","commander boundary small-class","DependencyRunner","constructor",
"DependencyRunner","commander boundary small-class","run","command collaborator",
"DependencyRunner","commander boundary small-class","populate","command collaborator",
"ConnectNodeCommand","small-class","getShortDescription","wrapper stateless",
"ConnectNodeCommand","small-class","run","property controller",
"MasterToSlaveFileCallable<T>","pure-controller small-class","checkRoles","controller",
"Slave","boundary","Slave","constructor",
"Slave","boundary","Slave","constructor",
"Slave","boundary","Slave","constructor",
"Slave","boundary","Slave","constructor",
"Slave","boundary","getUserId","get",
"Slave","boundary","setUserId","empty",
"Slave","boundary","getLauncher","property non-void-command collaborator",
"Slave","boundary","setLauncher","set collaborator",
"Slave","boundary","getRemoteFS","get",
"Slave","boundary","getNodeName","get",
"Slave","boundary","toString","property non-void-command",
"Slave","boundary","setNodeName","set",
"Slave","boundary","setNodeDescription","set",
"Slave","boundary","getNodeDescription","get",
"Slave","boundary","getNumExecutors","get",
"Slave","boundary","setNumExecutors","set",
"Slave","boundary","getMode","get collaborator",
"Slave","boundary","setMode","set collaborator",
"Slave","boundary","getNodeProperties","get collaborator",
"Slave","boundary","setNodeProperties","command collaborator",
"Slave","boundary","getRetentionStrategy","property collaborator",
"Slave","boundary","setRetentionStrategy","set collaborator",
"Slave","boundary","getLabelString","property wrapper",
"Slave","boundary","setLabelString","command",
"Slave","boundary","_setLabelString","command",
"Slave","boundary","getLabelAtomSet","get set collaborator",
"Slave","boundary","warnPlugin","command",
"Slave","boundary","getClockDifferenceCallable","factory collaborator stateless",
"Slave","boundary","createComputer","property factory collaborator",
"Slave","boundary","getWorkspaceFor","property non-void-command collaborator",
"Slave","boundary","getRootPath","property non-void-command collaborator",
"Slave","boundary","getWorkspaceRoot","property non-void-command collaborator",
"Slave","boundary","createLauncher","property non-void-command factory collaborator",
"Slave","boundary","reportLauncherCreateError","command collaborator",
"Slave","boundary","getComputer","property non-void-command collaborator",
"Slave","boundary","equals","predicate non-void-command collaborator",
"Slave","boundary","hashCode","property non-void-command",
"Slave","boundary","readResolve","get set collaborator",
"Slave","boundary","getDescriptor","controller stateless",
"WindowsInstallerLink","commander boundary degenerate","WindowsInstallerLink","constructor",
"WindowsInstallerLink","commander boundary degenerate","getIconFileName","incidental",
"WindowsInstallerLink","commander boundary degenerate","getUrlName","incidental",
"WindowsInstallerLink","commander boundary degenerate","getDisplayName","wrapper stateless",
"WindowsInstallerLink","commander boundary degenerate","getDescription","wrapper stateless",
"WindowsInstallerLink","commander boundary degenerate","getCategory","collaborator incidental",
"WindowsInstallerLink","commander boundary degenerate","isInstalled","predicate",
"WindowsInstallerLink","commander boundary degenerate","doDoInstall","command collaborator",
"WindowsInstallerLink","commander boundary degenerate","copy","command",
"WindowsInstallerLink","commander boundary degenerate","doRestart","command collaborator",
"WindowsInstallerLink","commander boundary degenerate","sendError","command collaborator",
"WindowsInstallerLink","commander boundary degenerate","sendError","controller stateless",
"EnablePluginCommand","entity boundary","getShortDescription","wrapper stateless",
"EnablePluginCommand","entity boundary","run","property non-void-command",
"EnablePluginCommand","entity boundary","enablePlugin","predicate non-void-command collaborator",
"EnablePluginCommand","entity boundary","enableDependencies","command collaborator",
"CopyOnWriteList<E>","boundary","CopyOnWriteList","constructor",
"CopyOnWriteList<E>","boundary","CopyOnWriteList","constructor",
"CopyOnWriteList<E>","boundary","CopyOnWriteList","constructor",
"CopyOnWriteList<E>","boundary","add","set collaborator",
"CopyOnWriteList<E>","boundary","addAll","set collaborator",
"CopyOnWriteList<E>","boundary","remove","predicate set collaborator",
"CopyOnWriteList<E>","boundary","iterator","property non-void-command factory collaborator",
"CopyOnWriteList<E>","boundary","replaceBy","set collaborator",
"CopyOnWriteList<E>","boundary","replaceBy","set collaborator",
"CopyOnWriteList<E>","boundary","replaceBy","command collaborator",
"CopyOnWriteList<E>","boundary","clear","set",
"CopyOnWriteList<E>","boundary","toArray","property non-void-command collaborator",
"CopyOnWriteList<E>","boundary","getView","property wrapper",
"CopyOnWriteList<E>","boundary","addAllTo","controller",
"CopyOnWriteList<E>","boundary","get","property non-void-command collaborator",
"CopyOnWriteList<E>","boundary","isEmpty","predicate non-void-command",
"CopyOnWriteList<E>","boundary","size","property non-void-command",
"CopyOnWriteList<E>","boundary","contains","predicate non-void-command collaborator",
"CopyOnWriteList<E>","boundary","toString","property non-void-command",
"InvisibleAction","degenerate","getIconFileName","incidental",
"InvisibleAction","degenerate","getDisplayName","incidental",
"InvisibleAction","degenerate","getUrlName","incidental",
"BuildWrapperDescriptor","empty","BuildWrapperDescriptor","constructor",
"BuildWrapperDescriptor","empty","BuildWrapperDescriptor","constructor",
"DeleteBuildsCommand","entity boundary degenerate","getShortDescription","wrapper stateless",
"DeleteBuildsCommand","entity boundary degenerate","printUsageSummary","collaborator incidental",
"DeleteBuildsCommand","entity boundary degenerate","act","property non-void-command collaborator",
"ErrorObject","small-class","ErrorObject","constructor",
"ErrorObject","small-class","ErrorObject","constructor",
"ErrorObject","small-class","getStackTraceString","property wrapper",
"ErrorObject","small-class","doDynamic","controller",
"WorkspaceSnapshot","degenerate","getIconFileName","incidental",
"WorkspaceSnapshot","degenerate","getDisplayName","incidental",
"WorkspaceSnapshot","degenerate","getUrlName","incidental",
"RootUrlNotSetMonitor","degenerate","getDisplayName","wrapper stateless",
"RootUrlNotSetMonitor","degenerate","isActivated","controller stateless",
"RootUrlNotSetMonitor","degenerate","isUrlNull","controller stateless",
"RootUrlNotSetMonitor","degenerate","getRequiredPermission","collaborator incidental",
"TcpSlaveAgentListener","boundary","TcpSlaveAgentListener","constructor",
"TcpSlaveAgentListener","boundary","getPort","property non-void-command",
"TcpSlaveAgentListener","boundary","getAdvertisedPort","property non-void-command",
"TcpSlaveAgentListener","boundary","getAdvertisedHost","get property wrapper",
"TcpSlaveAgentListener","boundary","getIdentityPublicKey","controller stateless",
"TcpSlaveAgentListener","boundary","getAgentProtocolNames","wrapper stateless",
"TcpSlaveAgentListener","boundary","getRemotingMinimumVersion","wrapper stateless",
"TcpSlaveAgentListener","boundary","run","command collaborator",
"TcpSlaveAgentListener","boundary","shutdown","command collaborator",
"PackedMapTest","commander small-class","basic","command",
"UserSeedProperty","unclassified","UserSeedProperty","constructor",
"UserSeedProperty","unclassified","getSeed","get",
"UserSeedProperty","unclassified","renewSeed","command",
"UserSeedProperty","unclassified","renewSeedInternal","set",
"AddJobToViewCommand","entity boundary small-class","getShortDescription","wrapper stateless",
"AddJobToViewCommand","entity boundary small-class","run","property non-void-command collaborator",
"GetJobCommand","small-class","getShortDescription","wrapper stateless",
"GetJobCommand","small-class","run","property non-void-command",
"QuietDownCommand","data-provider boundary small-class","getShortDescription","wrapper stateless",
"QuietDownCommand","data-provider boundary small-class","run","property wrapper",
"CreateNodeCommand","small-class","getShortDescription","wrapper stateless",
"CreateNodeCommand","small-class","run","property controller",
"Computer","boundary","recordTermination","command collaborator",
"Computer","boundary","getTerminatedBy","property factory collaborator",
"Computer","boundary","Computer","constructor",
"Computer","boundary","getComputerPanelBoxs","property wrapper",
"Computer","boundary","getActions","property set collaborator",
"Computer","boundary","addAction","command collaborator",
"Computer","boundary","getLogFile","property non-void-command factory collaborator",
"Computer","boundary","getLogDir","non-void-command factory collaborator",
"Computer","boundary","getWorkspaceList","get collaborator",
"Computer","boundary","getLog","property non-void-command",
"Computer","boundary","getLogText","property non-void-command factory collaborator",
"Computer","boundary","getACL","property non-void-command collaborator",
"Computer","boundary","getOfflineCause","get collaborator",
"Computer","boundary","getOfflineCauseReason","property non-void-command",
"Computer","boundary","launch","command",
"Computer","boundary","connect","property set collaborator",
"Computer","boundary","cliConnect","command",
"Computer","boundary","getConnectTime","get",
"Computer","boundary","disconnect","property non-void-command collaborator",
"Computer","boundary","disconnect","property non-void-command collaborator",
"Computer","boundary","cliDisconnect","command",
"Computer","boundary","cliOffline","command",
"Computer","boundary","cliOnline","command",
"Computer","boundary","getNumExecutors","get",
"Computer","boundary","getName","property",
"Computer","boundary","getNode","property controller",
"Computer","boundary","getLoadStatistics","property wrapper",
"Computer","boundary","getTimeline","property non-void-command factory collaborator",
"Computer","boundary","isOffline","predicate wrapper",
"Computer","boundary","isOnline","predicate non-void-command",
"Computer","boundary","isManualLaunchAllowed","predicate non-void-command",
"Computer","boundary","isJnlpAgent","incidental",
"Computer","boundary","isLaunchSupported","incidental",
"Computer","boundary","isTemporarilyOffline","get",
"Computer","boundary","setTemporarilyOffline","command",
"Computer","boundary","setTemporarilyOffline","command collaborator",
"Computer","boundary","getIcon","property non-void-command",
"Computer","boundary","getIconClassName","property non-void-command",
"Computer","boundary","getIconAltText","property non-void-command",
"Computer","boundary","getDisplayName","get",
"Computer","boundary","getCaption","property wrapper",
"Computer","boundary","getUrl","property non-void-command",
"Computer","boundary","getAssignedLabels","property non-void-command collaborator",
"Computer","boundary","getTiedJobs","property non-void-command collaborator",
"Computer","boundary","getBuilds","property non-void-command collaborator",
"Computer","boundary","setNode","set collaborator",
"Computer","boundary","kill","command",
"Computer","boundary","inflictMortalWound","command",
"Computer","boundary","onRemoved","empty",
"Computer","boundary","setNumExecutors","command collaborator",
"Computer","boundary","addNewExecutorIfNecessary","command collaborator",
"Computer","boundary","countIdle","property controller",
"Computer","boundary","countBusy","property non-void-command",
"Computer","boundary","countExecutors","property non-void-command",
"Computer","boundary","getExecutors","property factory collaborator",
"Computer","boundary","getOneOffExecutors","property factory collaborator",
"Computer","boundary","getAllExecutors","non-void-command factory collaborator",
"Computer","boundary","getDisplayExecutors","non-void-command factory collaborator",
"Computer","boundary","isIdle","predicate non-void-command collaborator",
"Computer","boundary","isPartiallyIdle","predicate controller",
"Computer","boundary","getIdleStartMilliseconds","property controller",
"Computer","boundary","getDemandStartMilliseconds","property wrapper",
"Computer","boundary","getDescription","property non-void-command collaborator",
"Computer","boundary","removeExecutor","command collaborator",
"Computer","boundary","isAlive","predicate controller",
"Computer","boundary","interrupt","controller",
"Computer","boundary","getSearchUrl","property non-void-command",
"Computer","boundary","getMonitorData","non-void-command factory collaborator",
"Computer","boundary","getMonitoringData","factory controller",
"Computer","boundary","getSystemProperties","wrapper stateless",
"Computer","boundary","getEnvVars","property non-void-command",
"Computer","boundary","getEnvironment","property set factory collaborator",
"Computer","boundary","buildEnvironment","non-void-command factory collaborator",
"Computer","boundary","getThreadDump","wrapper stateless",
"Computer","boundary","getHeapDump","property factory wrapper",
"Computer","boundary","getHostName","get property non-void-command collaborator",
"Computer","boundary","startFlyWeightTask","command collaborator",
"Computer","boundary","remove","command collaborator",
"Computer","boundary","doRssAll","command collaborator",
"Computer","boundary","doRssFailed","command collaborator",
"Computer","boundary","doRssLatest","command collaborator",
"Computer","boundary","doToggleOffline","property non-void-command collaborator",
"Computer","boundary","doChangeOfflineCause","property non-void-command collaborator",
"Computer","boundary","getApi","property factory collaborator",
"Computer","boundary","doDumpExportTable","command collaborator",
"Computer","boundary","doScript","command collaborator",
"Computer","boundary","doScriptText","command collaborator",
"Computer","boundary","_doScript","command",
"Computer","boundary","doConfigSubmit","command collaborator",
"Computer","boundary","doConfigDotXml","command collaborator",
"Computer","boundary","updateByXml","command collaborator",
"Computer","boundary","doDoDelete","property non-void-command factory collaborator",
"Computer","boundary","waitUntilOnline","command",
"Computer","boundary","waitUntilOffline","command",
"Computer","boundary","doProgressiveLog","command collaborator",
"Computer","boundary","getTarget","get non-void-command collaborator",
"Computer","boundary","isAcceptingTasks","predicate non-void-command collaborator",
"InstallUncaughtExceptionHandler","empty","InstallUncaughtExceptionHandler","constructor",
"BatchCommandInstaller","degenerate","BatchCommandInstaller","constructor",
"BatchCommandInstaller","degenerate","getCommandFileExtension","incidental",
"BatchCommandInstaller","degenerate","getCommandCall","controller stateless",
"BatchCommandInstaller","degenerate","readResolve","property non-void-command factory collaborator",
"BuildButtonColumn","boundary degenerate small-class","BuildButtonColumn","constructor",
"BuildButtonColumn","boundary degenerate small-class","taskNoun","wrapper stateless",
"AbstractPasswordBasedSecurityRealm","entity boundary","createSecurityComponents","property factory wrapper",
"AbstractPasswordBasedSecurityRealm","entity boundary","authenticate2","property non-void-command collaborator",
"AbstractPasswordBasedSecurityRealm","entity boundary","authenticateByPassword","property non-void-command collaborator",
"AbstractPasswordBasedSecurityRealm","entity boundary","authenticate","property non-void-command collaborator",
"AbstractPasswordBasedSecurityRealm","entity boundary","doAuthenticate","property non-void-command collaborator",
"AbstractPasswordBasedSecurityRealm","entity boundary","loadUserByUsername2","property non-void-command collaborator",
"AbstractPasswordBasedSecurityRealm","entity boundary","loadUserByUsername","property non-void-command collaborator",
"AbstractPasswordBasedSecurityRealm","entity boundary","loadGroupByGroupname2","property non-void-command collaborator",
"AbstractPasswordBasedSecurityRealm","entity boundary","loadGroupByGroupname","property non-void-command collaborator",
"EnvVarsFilterLocalRule","boundary degenerate small-class","getDescriptor","wrapper stateless",
"WeatherColumn","empty","WeatherColumn","constructor",
"BooleanParameterValue","boundary","BooleanParameterValue","constructor",
"BooleanParameterValue","boundary","BooleanParameterValue","constructor",
"BooleanParameterValue","boundary","getValue","get collaborator",
"BooleanParameterValue","boundary","buildEnvironment","command collaborator",
"BooleanParameterValue","boundary","createVariableResolver","property non-void-command collaborator",
"BooleanParameterValue","boundary","equals","get predicate non-void-command collaborator",
"BooleanParameterValue","boundary","hashCode","property non-void-command",
"BooleanParameterValue","boundary","toString","property non-void-command",
"BooleanParameterValue","boundary","getShortDescription","property",
"WaitNodeOnlineCommand","small-class","getShortDescription","wrapper stateless",
"WaitNodeOnlineCommand","small-class","run","property non-void-command",
"ScheduleResult","degenerate","isCreated","incidental",
"ScheduleResult","degenerate","isRefused","incidental",
"ScheduleResult","degenerate","getItem","collaborator incidental",
"ScheduleResult","degenerate","getCreateItem","collaborator incidental",
"ScheduleResult","degenerate","isAccepted","predicate non-void-command",
"AbstractProjectOptionHandler","degenerate small-class","AbstractProjectOptionHandler","constructor",
"AbstractProjectOptionHandler","degenerate small-class","type","collaborator incidental",
"AbstractProjectOptionHandler","degenerate small-class","getDefaultMetaVariable","incidental",
"ImmutableListConverter","entity boundary degenerate","ImmutableListConverter","constructor",
"ImmutableListConverter","entity boundary degenerate","ImmutableListConverter","constructor",
"ImmutableListConverter","entity boundary degenerate","canConvert","wrapper stateless",
"ImmutableListConverter","entity boundary degenerate","unmarshal","property non-void-command collaborator",
"ImmutableListConverter","entity boundary degenerate","createCollection","factory collaborator stateless",
"ShiftedCategoryAxis","entity boundary","ShiftedCategoryAxis","constructor",
"ShiftedCategoryAxis","entity boundary","calculateCategorySize","property non-void-command collaborator",
"ShiftedCategoryAxis","entity boundary","getCategoryEnd","property non-void-command collaborator",
"ShiftedCategoryAxis","entity boundary","getCategoryMiddle","property non-void-command collaborator",
"ShiftedCategoryAxis","entity boundary","getCategoryStart","property non-void-command collaborator",
"AuthenticationProcessingFilter2","commander boundary small-class","AuthenticationProcessingFilter2","constructor",
"AuthenticationProcessingFilter2","commander boundary small-class","successfulAuthentication","command collaborator",
"AuthenticationProcessingFilter2","commander boundary small-class","unsuccessfulAuthentication","command collaborator",
"FixedSet","pure-controller small-class","FixedSet","constructor",
"FixedSet","pure-controller small-class","FixedSet","constructor",
"FixedSet","pure-controller small-class","find","controller",
"FixedSet","pure-controller small-class","suggest","controller",
"OldDataMonitor","entity boundary","OldDataMonitor","constructor",
"OldDataMonitor","entity boundary","getDisplayName","wrapper stateless",
"OldDataMonitor","entity boundary","isActivated","predicate non-void-command",
"OldDataMonitor","entity boundary","getData","non-void-command factory collaborator",
"OldDataMonitor","entity boundary","getVersionList","property non-void-command collaborator",
"OldDataMonitor","entity boundary","doAct","property non-void-command factory collaborator",
"OldDataMonitor","entity boundary","doUpgrade","property non-void-command collaborator",
"OldDataMonitor","entity boundary","doDiscard","property non-void-command collaborator",
"OldDataMonitor","entity boundary","saveAndRemoveEntries","command collaborator",
"OldDataMonitor","entity boundary","doIndex","factory collaborator stateless",
"RestartRequiredException","empty","RestartRequiredException","constructor",
"RestartRequiredException","empty","RestartRequiredException","constructor",
"ComputerLauncher","boundary degenerate","isLaunchSupported","incidental",
"ComputerLauncher","boundary degenerate","launch","command collaborator",
"ComputerLauncher","boundary degenerate","launch","wrapper stateless",
"ComputerLauncher","boundary degenerate","afterDisconnect","command collaborator",
"ComputerLauncher","boundary degenerate","afterDisconnect","empty",
"ComputerLauncher","boundary degenerate","beforeDisconnect","command collaborator",
"ComputerLauncher","boundary degenerate","beforeDisconnect","empty",
"ComputerLauncher","boundary degenerate","cast","factory controller stateless",
"ViewJob<JobTextendsViewJob<JobT,RunT>,RunTextendsRun<JobT,RunT>>","commander","ViewJob","constructor",
"ViewJob<JobTextendsViewJob<JobT,RunT>,RunTextendsRun<JobT,RunT>>","commander","ViewJob","constructor",
"ViewJob<JobTextendsViewJob<JobT,RunT>,RunTextendsRun<JobT,RunT>>","commander","isBuildable","incidental",
"ViewJob<JobTextendsViewJob<JobT,RunT>,RunTextendsRun<JobT,RunT>>","commander","onLoad","set",
"ViewJob<JobTextendsViewJob<JobT,RunT>,RunTextendsRun<JobT,RunT>>","commander","_getRuns","get non-void-command factory collaborator",
"ViewJob<JobTextendsViewJob<JobT,RunT>,RunTextendsRun<JobT,RunT>>","commander","removeRun","command collaborator",
"ViewJob<JobTextendsViewJob<JobT,RunT>,RunTextendsRun<JobT,RunT>>","commander","_reload","command",
"ViewJob<JobTextendsViewJob<JobT,RunT>,RunTextendsRun<JobT,RunT>>","commander","submit","set collaborator",
"JenkinsHttpSessionListener","commander boundary small-class","sessionCreated","command collaborator",
"JenkinsHttpSessionListener","commander boundary small-class","sessionDestroyed","command collaborator",
"DisconnectNodeCommand","small-class","getShortDescription","wrapper stateless",
"DisconnectNodeCommand","small-class","run","property controller",
"QueueTaskFilter","unclassified","QueueTaskFilter","constructor",
"QueueTaskFilter","unclassified","getAssignedLabel","property non-void-command collaborator",
"QueueTaskFilter","unclassified","getLastBuiltOn","property non-void-command collaborator",
"QueueTaskFilter","unclassified","isBuildBlocked","predicate non-void-command",
"QueueTaskFilter","unclassified","getWhyBlocked","property non-void-command",
"QueueTaskFilter","unclassified","getCauseOfBlockage","property non-void-command collaborator",
"QueueTaskFilter","unclassified","getName","property non-void-command",
"QueueTaskFilter","unclassified","getFullDisplayName","property non-void-command",
"QueueTaskFilter","unclassified","getEstimatedDuration","property non-void-command",
"QueueTaskFilter","unclassified","createExecutable","property non-void-command collaborator",
"QueueTaskFilter","unclassified","checkAbortPermission","command",
"QueueTaskFilter","unclassified","hasAbortPermission","predicate non-void-command",
"QueueTaskFilter","unclassified","getUrl","property non-void-command",
"QueueTaskFilter","unclassified","isConcurrentBuild","predicate non-void-command",
"QueueTaskFilter","unclassified","getDisplayName","property non-void-command",
"QueueTaskFilter","unclassified","getResourceList","property non-void-command collaborator",
"QueueTaskFilter","unclassified","getSubTasks","property non-void-command collaborator",
"QueueTaskFilter","unclassified","getSameNodeConstraint","property non-void-command collaborator",
"GroovyshCommand","entity boundary","getShortDescription","wrapper stateless",
"GroovyshCommand","entity boundary","run","property non-void-command collaborator",
"GroovyshCommand","entity boundary","createShell","property non-void-command factory collaborator",
"UserDetailsTest","pure-controller degenerate small-class","typePreserved","controller stateless",
"ProgressiveRendering","commander boundary","ProgressiveRendering","constructor",
"ProgressiveRendering","commander boundary","start","command collaborator",
"ProgressiveRendering","commander boundary","release","command collaborator",
"ProgressiveRendering","commander boundary","progress","set",
"ProgressiveRendering","commander boundary","canceled","predicate non-void-command",
"ProgressiveRendering","commander boundary","news","non-void-command factory collaborator",
"ProgressiveRendering","commander boundary","executorService","wrapper stateless",
"ProgressiveRendering","commander boundary","timeout","incidental",
"EnvVars","boundary","getPlatform","get collaborator",
"EnvVars","boundary","setPlatform","set collaborator",
"EnvVars","boundary","EnvVars","constructor",
"EnvVars","boundary","EnvVars","constructor",
"EnvVars","boundary","EnvVars","copy-constructor",
"EnvVars","boundary","EnvVars","constructor",
"EnvVars","boundary","override","command",
"EnvVars","boundary","overrideAll","get non-void-command collaborator",
"EnvVars","boundary","overrideExpandingAll","get non-void-command",
"EnvVars","boundary","get","wrapper stateless",
"EnvVars","boundary","put","property non-void-command",
"EnvVars","boundary","putIfNotNull","command",
"EnvVars","boundary","putAllNonNull","controller",
"EnvVars","boundary","addLine","controller stateless",
"EnvVars","boundary","expand","property wrapper",
"ToolConfigurationCategory","boundary degenerate small-class","getShortDescription","wrapper stateless",
"ToolConfigurationCategory","boundary degenerate small-class","getDisplayName","wrapper stateless",
"CLICommand","entity boundary","getName","property non-void-command",
"CLICommand","entity boundary","main","property non-void-command collaborator",
"CLICommand","entity boundary","logFailedCommandAndPrintExceptionErrorMessage","command collaborator",
"CLICommand","entity boundary","logAndPrintError","command collaborator",
"CLICommand","entity boundary","getCmdLineParser","property factory wrapper",
"CLICommand","entity boundary","checkChannel","collaborator stateless",
"CLICommand","entity boundary","getTransportAuthentication2","property collaborator",
"CLICommand","entity boundary","getTransportAuthentication","property non-void-command collaborator",
"CLICommand","entity boundary","setTransportAuth2","set collaborator",
"CLICommand","entity boundary","setTransportAuth","command collaborator",
"CLICommand","entity boundary","printUsage","command collaborator",
"CLICommand","entity boundary","getSingleLineSummary","property non-void-command collaborator",
"CLICommand","entity boundary","getUsage","property non-void-command collaborator",
"CLICommand","entity boundary","getLongDescription","property non-void-command collaborator",
"CLICommand","entity boundary","printUsageSummary","wrapper stateless",
"CLICommand","entity boundary","getClientSystemProperty","property non-void-command",
"CLICommand","entity boundary","setClientCharset","set collaborator",
"CLICommand","entity boundary","getClientCharset","get property wrapper",
"CLICommand","entity boundary","getClientEnvironmentVariable","property non-void-command",
"CLICommand","entity boundary","createClone","wrapper stateless",
"CLICommand","entity boundary","registerOptionHandlers","wrapper stateless",
"Descriptor<TextendsDescribable<T>>","boundary","Descriptor","constructor",
"Descriptor<TextendsDescribable<T>>","boundary","Descriptor","constructor",
"Descriptor<TextendsDescribable<T>>","boundary","getDisplayName","property non-void-command",
"Descriptor<TextendsDescribable<T>>","boundary","getId","property non-void-command",
"Descriptor<TextendsDescribable<T>>","boundary","getT","wrapper stateless",
"Descriptor<TextendsDescribable<T>>","boundary","getDescriptorUrl","property non-void-command",
"Descriptor<TextendsDescribable<T>>","boundary","getDescriptorFullUrl","property non-void-command",
"Descriptor<TextendsDescribable<T>>","boundary","getCheckUrl","property non-void-command",
"Descriptor<TextendsDescribable<T>>","boundary","getCheckMethod","non-void-command factory collaborator",
"Descriptor<TextendsDescribable<T>>","boundary","calcFillSettings","command collaborator",
"Descriptor<TextendsDescribable<T>>","boundary","buildFillDependencies","property non-void-command collaborator",
"Descriptor<TextendsDescribable<T>>","boundary","calcAutoCompleteSettings","command collaborator",
"Descriptor<TextendsDescribable<T>>","boundary","getPropertyType","property non-void-command collaborator",
"Descriptor<TextendsDescribable<T>>","boundary","getPropertyTypeOrDie","property non-void-command collaborator",
"Descriptor<TextendsDescribable<T>>","boundary","getPropertyType","property non-void-command collaborator",
"Descriptor<TextendsDescribable<T>>","boundary","getGlobalPropertyType","property non-void-command collaborator",
"Descriptor<TextendsDescribable<T>>","boundary","buildPropertyTypes","factory controller stateless",
"Descriptor<TextendsDescribable<T>>","boundary","getJsonSafeClassName","property non-void-command",
"Descriptor<TextendsDescribable<T>>","boundary","newInstance","wrapper stateless",
"Descriptor<TextendsDescribable<T>>","boundary","newInstance","property non-void-command collaborator",
"Descriptor<TextendsDescribable<T>>","boundary","verifyNewInstance","property non-void-command collaborator",
"Descriptor<TextendsDescribable<T>>","boundary","getKlass","property wrapper",
"Descriptor<TextendsDescribable<T>>","boundary","getHelpFile","property non-void-command",
"Descriptor<TextendsDescribable<T>>","boundary","getHelpFile","property non-void-command",
"Descriptor<TextendsDescribable<T>>","boundary","getHelpFile","property non-void-command",
"Descriptor<TextendsDescribable<T>>","boundary","addHelpFileRedirect","command",
"Descriptor<TextendsDescribable<T>>","boundary","isInstance","predicate non-void-command collaborator",
"Descriptor<TextendsDescribable<T>>","boundary","isSubTypeOf","predicate controller",
"Descriptor<TextendsDescribable<T>>","boundary","configure","collaborator incidental",
"Descriptor<TextendsDescribable<T>>","boundary","configure","predicate non-void-command collaborator",
"Descriptor<TextendsDescribable<T>>","boundary","getConfigPage","property non-void-command",
"Descriptor<TextendsDescribable<T>>","boundary","getGlobalConfigPage","property non-void-command",
"Descriptor<TextendsDescribable<T>>","boundary","getCategory","wrapper stateless",
"Descriptor<TextendsDescribable<T>>","boundary","getRequiredGlobalConfigPagePermission","collaborator incidental",
"Descriptor<TextendsDescribable<T>>","boundary","getViewPage","property non-void-command",
"Descriptor<TextendsDescribable<T>>","boundary","getViewPage","controller stateless",
"Descriptor<TextendsDescribable<T>>","boundary","getViewPage","property non-void-command",
"Descriptor<TextendsDescribable<T>>","boundary","getPossibleViewNames","controller stateless",
"Descriptor<TextendsDescribable<T>>","boundary","save","command",
"Descriptor<TextendsDescribable<T>>","boundary","load","command collaborator",
"Descriptor<TextendsDescribable<T>>","boundary","getConfigFile","property non-void-command factory collaborator",
"Descriptor<TextendsDescribable<T>>","boundary","getPlugin","property wrapper",
"Descriptor<TextendsDescribable<T>>","boundary","doHelp","command collaborator",
"WebSocketAgents","entity boundary small-class","getUrlName","wrapper stateless",
"WebSocketAgents","entity boundary small-class","doIndex","property non-void-command collaborator",
"NodeProperty<NextendsNode>","entity boundary degenerate","setNode","set collaborator",
"NodeProperty<NextendsNode>","entity boundary degenerate","getDescriptor","wrapper stateless",
"NodeProperty<NextendsNode>","entity boundary degenerate","canTake","collaborator incidental",
"NodeProperty<NextendsNode>","entity boundary degenerate","canTake","property non-void-command collaborator",
"NodeProperty<NextendsNode>","entity boundary degenerate","setUp","factory collaborator incidental",
"NodeProperty<NextendsNode>","entity boundary degenerate","buildEnvVars","empty",
"NodeProperty<NextendsNode>","entity boundary degenerate","reconfigure","property non-void-command collaborator",
"MavenMojoNote","pure-controller degenerate small-class","MavenMojoNote","constructor",
"MavenMojoNote","pure-controller degenerate small-class","annotate","controller stateless",
"CancelQuietDownCommand","boundary degenerate small-class","getShortDescription","wrapper stateless",
"CancelQuietDownCommand","boundary degenerate small-class","run","wrapper stateless",
"ArchitectureMonitor","empty","ArchitectureMonitor","constructor",
"AbortException","empty","AbortException","constructor",
"AbortException","empty","AbortException","constructor",
"ResourceBundleUtil","empty","ResourceBundleUtil","constructor",
"ListView","boundary","ListView","constructor",
"ListView","boundary","ListView","constructor",
"ListView","boundary","setColumns","command collaborator",
"ListView","boundary","setJobFilters","command collaborator",
"ListView","boundary","readResolve","get non-void-command collaborator",
"ListView","boundary","initColumns","set",
"ListView","boundary","initJobFilters","set",
"ListView","boundary","hasJobFilterExtensions","wrapper stateless",
"ListView","boundary","getJobFilters","get collaborator",
"ListView","boundary","getColumns","get collaborator",
"ListView","boundary","getJobNames","property wrapper",
"ListView","boundary","getItems","get non-void-command collaborator",
"ListView","boundary","getItems","property non-void-command factory collaborator",
"ListView","boundary","makeSearchIndex","non-void-command factory collaborator",
"ListView","boundary","contains","predicate non-void-command collaborator",
"ListView","boundary","jobNamesContains","predicate non-void-command collaborator",
"ListView","boundary","add","command collaborator",
"ListView","boundary","remove","predicate non-void-command collaborator",
"ListView","boundary","getIncludeRegex","get",
"ListView","boundary","isRecurse","get",
"ListView","boundary","setRecurse","set",
"ListView","boundary","getStatusFilter","get collaborator",
"ListView","boundary","isAddToCurrentView","predicate non-void-command",
"ListView","boundary","needToAddToCurrentView","controller stateless",
"ListView","boundary","doCreateItem","property non-void-command collaborator",
"ListView","boundary","doAddJobToView","property non-void-command collaborator",
"ListView","boundary","doRemoveJobFromView","property non-void-command collaborator",
"ListView","boundary","resolveName","property non-void-command collaborator",
"ListView","boundary","submit","command collaborator",
"ListView","boundary","setIncludeRegex","command",
"ListView","boundary","setJobNames","set",
"ListView","boundary","setStatusFilter","set collaborator",
"RemoveJobFromViewCommand","entity boundary small-class","getShortDescription","wrapper stateless",
"RemoveJobFromViewCommand","entity boundary small-class","run","property non-void-command collaborator",
"ExpressionFactory2","factory degenerate small-class","createExpression","factory wrapper stateless",
"StringParameterDefinition","unclassified","StringParameterDefinition","constructor",
"StringParameterDefinition","unclassified","StringParameterDefinition","constructor",
"StringParameterDefinition","unclassified","StringParameterDefinition","constructor",
"StringParameterDefinition","unclassified","StringParameterDefinition","constructor",
"StringParameterDefinition","unclassified","copyWithDefaultValue","get property non-void-command factory collaborator",
"StringParameterDefinition","unclassified","getDefaultValue","get",
"StringParameterDefinition","unclassified","getDefaultValue4Build","get property non-void-command",
"StringParameterDefinition","unclassified","setDefaultValue","set",
"StringParameterDefinition","unclassified","isTrim","get",
"StringParameterDefinition","unclassified","setTrim","set",
"StringParameterDefinition","unclassified","getDefaultParameterValue","non-void-command factory collaborator",
"StringParameterDefinition","unclassified","createValue","property non-void-command collaborator",
"StringParameterDefinition","unclassified","createValue","non-void-command factory collaborator",
"StringParameterDefinition","unclassified","hashCode","property non-void-command",
"StringParameterDefinition","unclassified","equals","get predicate non-void-command collaborator",
"DetachedPluginsUtil","empty","DetachedPluginsUtil","constructor",
"PluginStrategy","boundary degenerate small-class","updateDependency","wrapper stateless",
"AbstractBuild<PextendsAbstractProject<P,R>,RextendsAbstractBuild<P,R>>","entity minimal-entity boundary","AbstractBuild","constructor",
"AbstractBuild<PextendsAbstractProject<P,R>,RextendsAbstractBuild<P,R>>","entity minimal-entity boundary","AbstractBuild","constructor",
"AbstractBuild<PextendsAbstractProject<P,R>,RextendsAbstractBuild<P,R>>","entity minimal-entity boundary","AbstractBuild","constructor",
"AbstractBuild<PextendsAbstractProject<P,R>,RextendsAbstractBuild<P,R>>","entity minimal-entity boundary","getProject","property non-void-command collaborator",
"AbstractBuild<PextendsAbstractProject<P,R>,RextendsAbstractBuild<P,R>>","entity minimal-entity boundary","getRunMixIn","get collaborator",
"AbstractBuild<PextendsAbstractProject<P,R>,RextendsAbstractBuild<P,R>>","entity minimal-entity boundary","createReference","property non-void-command collaborator",
"AbstractBuild<PextendsAbstractProject<P,R>,RextendsAbstractBuild<P,R>>","entity minimal-entity boundary","dropLinks","command",
"AbstractBuild<PextendsAbstractProject<P,R>,RextendsAbstractBuild<P,R>>","entity minimal-entity boundary","getPreviousBuild","property non-void-command collaborator",
"AbstractBuild<PextendsAbstractProject<P,R>,RextendsAbstractBuild<P,R>>","entity minimal-entity boundary","getNextBuild","property non-void-command collaborator",
"AbstractBuild<PextendsAbstractProject<P,R>,RextendsAbstractBuild<P,R>>","entity minimal-entity boundary","getBuiltOn","property non-void-command collaborator",
"AbstractBuild<PextendsAbstractProject<P,R>,RextendsAbstractBuild<P,R>>","entity minimal-entity boundary","getBuiltOnStr","get",
"AbstractBuild<PextendsAbstractProject<P,R>,RextendsAbstractBuild<P,R>>","entity minimal-entity boundary","setBuiltOnStr","set",
"AbstractBuild<PextendsAbstractProject<P,R>,RextendsAbstractBuild<P,R>>","entity minimal-entity boundary","getRootBuild","get",
"AbstractBuild<PextendsAbstractProject<P,R>,RextendsAbstractBuild<P,R>>","entity minimal-entity boundary","getParentExecutable","property non-void-command collaborator",
"AbstractBuild<PextendsAbstractProject<P,R>,RextendsAbstractBuild<P,R>>","entity minimal-entity boundary","getUpUrl","property non-void-command",
"AbstractBuild<PextendsAbstractProject<P,R>,RextendsAbstractBuild<P,R>>","entity minimal-entity boundary","getWorkspace","property non-void-command collaborator",
"AbstractBuild<PextendsAbstractProject<P,R>,RextendsAbstractBuild<P,R>>","entity minimal-entity boundary","setWorkspace","set collaborator",
"AbstractBuild<PextendsAbstractProject<P,R>,RextendsAbstractBuild<P,R>>","entity minimal-entity boundary","getModuleRoot","property non-void-command collaborator",
"AbstractBuild<PextendsAbstractProject<P,R>,RextendsAbstractBuild<P,R>>","entity minimal-entity boundary","getModuleRoots","property non-void-command collaborator",
"AbstractBuild<PextendsAbstractProject<P,R>,RextendsAbstractBuild<P,R>>","entity minimal-entity boundary","getCulpritIds","get",
"AbstractBuild<PextendsAbstractProject<P,R>,RextendsAbstractBuild<P,R>>","entity minimal-entity boundary","getCulprits","property non-void-command collaborator",
"AbstractBuild<PextendsAbstractProject<P,R>,RextendsAbstractBuild<P,R>>","entity minimal-entity boundary","shouldCalculateCulprits","predicate non-void-command",
"AbstractBuild<PextendsAbstractProject<P,R>,RextendsAbstractBuild<P,R>>","entity minimal-entity boundary","calculateCulprits","property non-void-command collaborator",
"AbstractBuild<PextendsAbstractProject<P,R>,RextendsAbstractBuild<P,R>>","entity minimal-entity boundary","getHudsonVersion","get",
"AbstractBuild<PextendsAbstractProject<P,R>,RextendsAbstractBuild<P,R>>","entity minimal-entity boundary","getChangeSet","property non-void-command collaborator",
"AbstractBuild<PextendsAbstractProject<P,R>,RextendsAbstractBuild<P,R>>","entity minimal-entity boundary","getChangeSets","property non-void-command collaborator",
"AbstractBuild<PextendsAbstractProject<P,R>,RextendsAbstractBuild<P,R>>","entity minimal-entity boundary","hasChangeSetComputed","predicate non-void-command collaborator",
"AbstractBuild<PextendsAbstractProject<P,R>,RextendsAbstractBuild<P,R>>","entity minimal-entity boundary","calcChangeSet","property non-void-command collaborator",
"AbstractBuild<PextendsAbstractProject<P,R>,RextendsAbstractBuild<P,R>>","entity minimal-entity boundary","getEnvironment","property non-void-command collaborator",
"AbstractBuild<PextendsAbstractProject<P,R>,RextendsAbstractBuild<P,R>>","entity minimal-entity boundary","getEnvironments","property set factory collaborator",
"AbstractBuild<PextendsAbstractProject<P,R>,RextendsAbstractBuild<P,R>>","entity minimal-entity boundary","due","property non-void-command collaborator",
"AbstractBuild<PextendsAbstractProject<P,R>,RextendsAbstractBuild<P,R>>","entity minimal-entity boundary","addAction","command collaborator",
"AbstractBuild<PextendsAbstractProject<P,R>,RextendsAbstractBuild<P,R>>","entity minimal-entity boundary","getPersistentActions","property non-void-command collaborator",
"AbstractBuild<PextendsAbstractProject<P,R>,RextendsAbstractBuild<P,R>>","entity minimal-entity boundary","getSensitiveBuildVariables","property non-void-command collaborator",
"AbstractBuild<PextendsAbstractProject<P,R>,RextendsAbstractBuild<P,R>>","entity minimal-entity boundary","getBuildVariables","property non-void-command collaborator",
"AbstractBuild<PextendsAbstractProject<P,R>,RextendsAbstractBuild<P,R>>","entity minimal-entity boundary","getBuildVariableResolver","property non-void-command factory collaborator",
"AbstractBuild<PextendsAbstractProject<P,R>,RextendsAbstractBuild<P,R>>","entity minimal-entity boundary","getTestResultAction","property non-void-command collaborator",
"AbstractBuild<PextendsAbstractProject<P,R>,RextendsAbstractBuild<P,R>>","entity minimal-entity boundary","getAggregatedTestResultAction","property non-void-command collaborator",
"AbstractBuild<PextendsAbstractProject<P,R>,RextendsAbstractBuild<P,R>>","entity minimal-entity boundary","getWhyKeepLog","property non-void-command",
"AbstractBuild<PextendsAbstractProject<P,R>,RextendsAbstractBuild<P,R>>","entity minimal-entity boundary","getDownstreamRelationship","non-void-command factory collaborator",
"AbstractBuild<PextendsAbstractProject<P,R>,RextendsAbstractBuild<P,R>>","entity minimal-entity boundary","getDownstreamBuilds","property non-void-command factory collaborator",
"AbstractBuild<PextendsAbstractProject<P,R>,RextendsAbstractBuild<P,R>>","entity minimal-entity boundary","getUpstreamRelationship","property non-void-command collaborator",
"AbstractBuild<PextendsAbstractProject<P,R>,RextendsAbstractBuild<P,R>>","entity minimal-entity boundary","getUpstreamRelationshipBuild","property non-void-command collaborator",
"AbstractBuild<PextendsAbstractProject<P,R>,RextendsAbstractBuild<P,R>>","entity minimal-entity boundary","getDownstreamBuilds","non-void-command factory collaborator",
"AbstractBuild<PextendsAbstractProject<P,R>,RextendsAbstractBuild<P,R>>","entity minimal-entity boundary","getUpstreamBuilds","property non-void-command collaborator",
"AbstractBuild<PextendsAbstractProject<P,R>,RextendsAbstractBuild<P,R>>","entity minimal-entity boundary","getTransitiveUpstreamBuilds","property non-void-command collaborator",
"AbstractBuild<PextendsAbstractProject<P,R>,RextendsAbstractBuild<P,R>>","entity minimal-entity boundary","_getUpstreamBuilds","non-void-command factory collaborator",
"AbstractBuild<PextendsAbstractProject<P,R>,RextendsAbstractBuild<P,R>>","entity minimal-entity boundary","getDependencyChanges","property non-void-command factory collaborator",
"AbstractBuild<PextendsAbstractProject<P,R>,RextendsAbstractBuild<P,R>>","entity minimal-entity boundary","doStop","command collaborator",
"AbstractBuild<PextendsAbstractProject<P,R>,RextendsAbstractBuild<P,R>>","entity minimal-entity boundary","doStop","property non-void-command collaborator",
"AllView","degenerate","AllView","constructor",
"AllView","degenerate","AllView","constructor",
"AllView","degenerate","isEditable","incidental",
"AllView","degenerate","contains","collaborator incidental",
"AllView","degenerate","getDisplayName","property non-void-command",
"AllView","degenerate","doCreateItem","property non-void-command collaborator",
"AllView","degenerate","getItems","property non-void-command collaborator",
"AllView","degenerate","getPostConstructLandingPage","incidental",
"AllView","degenerate","submit","empty",
"SwapSpaceMonitor","entity boundary degenerate","SwapSpaceMonitor","constructor",
"SwapSpaceMonitor","entity boundary degenerate","toHtml","wrapper stateless",
"SwapSpaceMonitor","entity boundary degenerate","toMB","collaborator incidental",
"SwapSpaceMonitor","entity boundary degenerate","getColumnCaption","property non-void-command",
"ComputerListener","degenerate","preLaunch","empty",
"ComputerListener","degenerate","onLaunchFailure","empty",
"ComputerListener","degenerate","preOnline","empty",
"ComputerListener","degenerate","onOnline","empty",
"ComputerListener","degenerate","onOnline","command collaborator",
"ComputerListener","degenerate","onOffline","empty",
"ComputerListener","degenerate","onOffline","command collaborator",
"ComputerListener","degenerate","onTemporarilyOnline","empty",
"ComputerListener","degenerate","onTemporarilyOffline","empty",
"ComputerListener","degenerate","onConfigurationChange","empty",
"ComputerListener","degenerate","register","wrapper",
"ComputerListener","degenerate","unregister","predicate wrapper",
"BuildCommand","entity boundary degenerate","getShortDescription","wrapper stateless",
"BuildCommand","entity boundary degenerate","run","property non-void-command collaborator",
"BuildCommand","entity boundary degenerate","printUsageSummary","collaborator incidental",
"CLIConnectionFactoryTest","commander","setUp","set",
"CLIConnectionFactoryTest","commander","testBearerFromToken","command",
"CLIConnectionFactoryTest","commander","testBasicFromUserAndPass","command",
"ClassFilterImpl","entity boundary small-class","ClassFilterImpl","constructor",
"ClassFilterImpl","entity boundary small-class","isBlacklisted","predicate non-void-command collaborator",
"SuspiciousRequestFilter","commander degenerate","doFilter","command collaborator",
"SuspiciousRequestFilter","commander degenerate","init","empty",
"SuspiciousRequestFilter","commander degenerate","destroy","empty",
"ItemGroupMixIn","boundary","ItemGroupMixIn","constructor",
"ItemGroupMixIn","boundary","createTopLevelItem","property non-void-command collaborator",
"ItemGroupMixIn","boundary","redirectAfterCreateItem","controller stateless",
"ItemGroupMixIn","boundary","copy","property non-void-command collaborator",
"ItemGroupMixIn","boundary","createProjectFromXML","property non-void-command collaborator",
"ItemGroupMixIn","boundary","createProject","property non-void-command collaborator",
"IOException2","empty","IOException2","constructor",
"IOException2","empty","IOException2","constructor",
"DelegatingComputerLauncher","commander boundary","DelegatingComputerLauncher","constructor",
"DelegatingComputerLauncher","commander boundary","getLauncher","get collaborator",
"DelegatingComputerLauncher","commander boundary","launch","command collaborator",
"DelegatingComputerLauncher","commander boundary","afterDisconnect","command collaborator",
"DelegatingComputerLauncher","commander boundary","beforeDisconnect","command collaborator",
"Launcher","boundary","Launcher","constructor",
"Launcher","boundary","Launcher","copy-constructor",
"Launcher","boundary","prepareFilterRules","command collaborator",
"Launcher","boundary","setEnvVarsFilterRuleWrapper","set collaborator",
"Launcher","boundary","getChannel","get collaborator",
"Launcher","boundary","getListener","get collaborator",
"Launcher","boundary","getComputer","property controller",
"Launcher","boundary","launch","factory collaborator stateless",
"Launcher","boundary","launch","property non-void-command collaborator",
"Launcher","boundary","launch","property non-void-command collaborator",
"Launcher","boundary","launch","property non-void-command collaborator",
"Launcher","boundary","launch","property non-void-command collaborator",
"Launcher","boundary","launch","property non-void-command collaborator",
"Launcher","boundary","launch","property non-void-command collaborator",
"Launcher","boundary","launch","property non-void-command collaborator",
"Launcher","boundary","launch","property non-void-command collaborator",
"Launcher","boundary","launch","property non-void-command collaborator",
"Launcher","boundary","launch","property non-void-command collaborator",
"Launcher","boundary","launch","property non-void-command collaborator",
"Launcher","boundary","launch","property non-void-command collaborator",
"Launcher","boundary","isUnix","incidental",
"Launcher","boundary","printCommandLine","command collaborator",
"Launcher","boundary","maskedPrintCommandLine","command collaborator",
"Launcher","boundary","maskedPrintCommandLine","void-accessor command collaborator",
"Launcher","boundary","decorateFor","property controller",
"Launcher","boundary","decorateByPrefix","property factory controller",
"Launcher","boundary","decorateByEnv","property factory controller",
"XStream2Test","boundary degenerate","marshalValue","controller stateless",
"XStream2Test","boundary degenerate","xStream11Compatibility","wrapper stateless",
"XStream2Test","boundary degenerate","xmlRoundTrip","controller stateless",
"XStream2Test","boundary degenerate","unmarshalThrowableMissingField","command",
"XStream2Test","boundary degenerate","disableLogging","wrapper stateless",
"XStream2Test","boundary degenerate","enableLogging","wrapper stateless",
"XStream2Test","boundary degenerate","immutableMap","command collaborator",
"XStream2Test","boundary degenerate","roundtripImmutableMap","controller stateless",
"XStream2Test","boundary degenerate","roundtripImmutableMapAsPlainMap","controller stateless",
"XStream2Test","boundary degenerate","immutableList","command collaborator",
"XStream2Test","boundary degenerate","roundtripImmutableList","controller stateless",
"XStream2Test","boundary degenerate","roundtripImmutableListAsPlainList","controller stateless",
"XStream2Test","boundary degenerate","emptyStack","wrapper stateless",
"XStream2Test","boundary degenerate","compatibilityAlias","controller stateless",
"XStream2Test","boundary degenerate","dynamicProxyBlocked","wrapper stateless",
"XStream2Test","boundary degenerate","trimVersion","wrapper stateless",
"XStream2Test","boundary degenerate","unmarshalToDefault_populated","command",
"XStream2Test","boundary degenerate","unmarshalToDefault_default","command",
"XStream2Test","boundary degenerate","unmarshalToDefault_empty","command",
"XStream2Test","boundary degenerate","fromXMLNullingOut","wrapper stateless",
"XStream2Test","boundary degenerate","crashXstream","wrapper stateless",
"XStream2Test","boundary degenerate","annotations","wrapper stateless",
"XStream2Test","boundary degenerate","testEmoji","wrapper stateless",
"XStream2Test","boundary degenerate","testEmojiEscaped","wrapper stateless",
"XStream2Test","boundary degenerate","writeEmoji","controller stateless",
"XStream2Test","boundary degenerate","nullsWithoutEncodingDeclaration","wrapper stateless",
"XStream2Test","boundary degenerate","nullsWithEncodingDeclaration","wrapper stateless",
"SimpleBuildWrapper","entity commander boundary","requiresWorkspace","incidental",
"SimpleBuildWrapper","entity commander boundary","setUp","command collaborator",
"SimpleBuildWrapper","entity commander boundary","setUp","command collaborator",
"SimpleBuildWrapper","entity commander boundary","createContext","property non-void-command factory collaborator",
"SimpleBuildWrapper","entity commander boundary","runPreCheckout","incidental",
"SimpleBuildWrapper","entity commander boundary","setUp","property non-void-command factory collaborator",
"SimpleBuildWrapper","entity commander boundary","preCheckout","command collaborator",
"SimpleBuildWrapper","entity commander boundary","createLoggerDecorator","collaborator incidental",
"SimpleBuildWrapper","entity commander boundary","decorateLogger","property non-void-command collaborator",
"SimpleBuildWrapper","entity commander boundary","decorateLauncher","property non-void-command collaborator",
"SimpleBuildWrapper","entity commander boundary","makeBuildVariables","command",
"SimpleBuildWrapper","entity commander boundary","makeSensitiveBuildVariables","command",
"SimpleBuildWrapper","entity commander boundary","getProjectActions","wrapper stateless",
"BuildListener","degenerate small-class","started","controller stateless",
"BuildListener","degenerate small-class","finished","wrapper stateless",
"SCMRevisionState","degenerate","getIconFileName","incidental",
"SCMRevisionState","degenerate","getDisplayName","incidental",
"SCMRevisionState","degenerate","getUrlName","incidental",
"AdminWhitelistRule","commander small-class","AdminWhitelistRule","constructor",
"AdminWhitelistRule","commander small-class","getMasterKillSwitch","incidental",
"AdminWhitelistRule","commander small-class","setMasterKillSwitch","command",
"RunIdMigratorTest","commander boundary","init","command",
"RunIdMigratorTest","commander boundary","newJob","command",
"RunIdMigratorTest","commander boundary","legacy","command",
"RunIdMigratorTest","commander boundary","reRunMigration","command",
"RunIdMigratorTest","commander boundary","reverseImmediately","command collaborator",
"RunIdMigratorTest","commander boundary","reverseAfterNewBuilds","command collaborator",
"RunIdMigratorTest","commander boundary","reverseMatrixAfterNewBuilds","command collaborator",
"RunIdMigratorTest","commander boundary","reverseMavenAfterNewBuilds","command collaborator",
"RunIdMigratorTest","commander boundary","write","controller",
"RunIdMigratorTest","commander boundary","link","wrapper",
"RunIdMigratorTest","commander boundary","summarize","property non-void-command",
"RunIdMigratorTest","commander boundary","move","command collaborator",
"BaseParser","unclassified","BaseParser","constructor",
"BaseParser","unclassified","setHash","set collaborator",
"BaseParser","unclassified","getErrorMessage","get",
"BaseParser","unclassified","setErrorMessage","set",
"BaseParser","unclassified","doRange","property non-void-command",
"BaseParser","unclassified","doRange","property non-void-command",
"BaseParser","unclassified","doHash","property non-void-command",
"BaseParser","unclassified","doHash","property non-void-command",
"BaseParser","unclassified","rangeCheck","wrapper",
"BaseParser","unclassified","error","command",
"BaseParser","unclassified","getHashForTokens","property wrapper",
"CrumbFilter","degenerate","getCrumbIssuer","controller stateless",
"CrumbFilter","degenerate","init","empty",
"CrumbFilter","degenerate","doFilter","command collaborator",
"CrumbFilter","degenerate","extractCrumbFromRequest","controller stateless",
"CrumbFilter","degenerate","destroy","empty",
"FormFillFailure","data-provider data-class","FormFillFailure","constructor",
"FormFillFailure","data-provider data-class","FormFillFailure","constructor",
"FormFillFailure","data-provider data-class","generateResponse","controller",
"FormFillFailure","data-provider data-class","getKind","get collaborator",
"FormFillFailure","data-provider data-class","isSelectionCleared","get",
"FormFillFailure","data-provider data-class","withSelectionCleared","get set",
"Lifecycle","commander","getHudsonWar","factory wrapper stateless",
"Lifecycle","commander","rewriteHudsonWar","command collaborator",
"Lifecycle","commander","canRewriteHudsonWar","predicate non-void-command collaborator",
"Lifecycle","commander","restart","stateless",
"Lifecycle","commander","verifyRestartable","wrapper stateless",
"Lifecycle","commander","canRestart","predicate non-void-command",
"Lifecycle","commander","onReady","command",
"Lifecycle","commander","onReload","command",
"Lifecycle","commander","onStop","command",
"Lifecycle","commander","onExtendTimeout","empty",
"Lifecycle","commander","onStatusUpdate","command",
"Lifecycle","commander","supportsDynamicLoad","incidental",
"ComputerLauncherTest","boundary degenerate","jdk7","wrapper stateless",
"ComputerLauncherTest","boundary degenerate","openJDK7","wrapper stateless",
"ComputerLauncherTest","boundary degenerate","jdk6","wrapper stateless",
"ComputerLauncherTest","boundary degenerate","jdk5","wrapper stateless",
"ComputerLauncherTest","boundary degenerate","j2sdk4","wrapper stateless",
"ComputerLauncherTest","boundary degenerate","jdk8","wrapper stateless",
"ComputerLauncherTest","boundary degenerate","openJDK8","wrapper stateless",
"ComputerLauncherTest","boundary degenerate","jdk10","wrapper stateless",
"ComputerLauncherTest","boundary degenerate","adoptOpenJDK11","wrapper stateless",
"ComputerLauncherTest","boundary degenerate","amazonCorrettoJDK11","wrapper stateless",
"ComputerLauncherTest","boundary degenerate","openJDK1106","wrapper stateless",
"ComputerLauncherTest","boundary degenerate","azulZuluOpenJDK11","wrapper stateless",
"DescriptorExtensionList<TextendsDescribable<T>,DextendsDescriptor<T>>","boundary","DescriptorExtensionList","constructor",
"DescriptorExtensionList<TextendsDescribable<T>,DextendsDescriptor<T>>","boundary","DescriptorExtensionList","constructor",
"DescriptorExtensionList<TextendsDescribable<T>,DextendsDescriptor<T>>","boundary","find","property wrapper",
"DescriptorExtensionList<TextendsDescribable<T>,DextendsDescriptor<T>>","boundary","find","property collaborator",
"DescriptorExtensionList<TextendsDescribable<T>,DextendsDescriptor<T>>","boundary","newInstanceFromRadioList","property non-void-command collaborator",
"DescriptorExtensionList<TextendsDescribable<T>,DextendsDescriptor<T>>","boundary","newInstanceFromRadioList","property non-void-command factory collaborator",
"DescriptorExtensionList<TextendsDescribable<T>,DextendsDescriptor<T>>","boundary","findByName","property controller",
"DescriptorExtensionList<TextendsDescribable<T>,DextendsDescriptor<T>>","boundary","add","predicate non-void-command collaborator",
"DescriptorExtensionList<TextendsDescribable<T>,DextendsDescriptor<T>>","boundary","remove","predicate non-void-command collaborator",
"DescriptorExtensionList<TextendsDescribable<T>,DextendsDescriptor<T>>","boundary","getLoadLock","property non-void-command collaborator",
"DescriptorExtensionList<TextendsDescribable<T>,DextendsDescriptor<T>>","boundary","load","property non-void-command collaborator",
"DescriptorExtensionList<TextendsDescribable<T>,DextendsDescriptor<T>>","boundary","load","property non-void-command collaborator",
"DescriptorExtensionList<TextendsDescribable<T>,DextendsDescriptor<T>>","boundary","_load","non-void-command factory collaborator",
"DescriptorExtensionList<TextendsDescribable<T>,DextendsDescriptor<T>>","boundary","getDescriptorExtensionList","wrapper stateless",
"BallColorTest","boundary degenerate small-class","iconClassName","wrapper stateless",
"PlainCLIProtocol","empty","Op","constructor",
"PlainCLIProtocol","empty","PlainCLIProtocol","constructor",
"FileSystemProvisioner","boundary degenerate small-class","getDescriptor","wrapper stateless",
"FullDuplexHttpStream","data-provider boundary","getInputStream","get collaborator",
"FullDuplexHttpStream","data-provider boundary","getOutputStream","get collaborator",
"FullDuplexHttpStream","data-provider boundary","FullDuplexHttpStream","constructor",
"FullDuplexHttpStream","data-provider boundary","openHttpConnection","controller stateless",
"FullDuplexHttpStream","data-provider boundary","tryToResolveRedirects","property non-void-command collaborator",
"NullIdDescriptorMonitor","unclassified","getDisplayName","wrapper stateless",
"NullIdDescriptorMonitor","unclassified","isActivated","predicate non-void-command",
"NullIdDescriptorMonitor","unclassified","getProblems","property wrapper",
"NullIdDescriptorMonitor","unclassified","verify","command",
"Jenkins","boundary","loadNode","command collaborator",
"Jenkins","boundary","Jenkins","constructor",
"Jenkins","boundary","Jenkins","constructor",
"Jenkins","boundary","readResolve","get non-void-command collaborator",
"Jenkins","boundary","getProxy","get collaborator",
"Jenkins","boundary","setProxy","set collaborator",
"Jenkins","boundary","getInstallState","property non-void-command collaborator",
"Jenkins","boundary","setInstallState","command collaborator",
"Jenkins","boundary","executeReactor","command collaborator",
"Jenkins","boundary","getTcpSlaveAgentListener","get collaborator",
"Jenkins","boundary","getAdjuncts","get collaborator",
"Jenkins","boundary","getSlaveAgentPort","get",
"Jenkins","boundary","isSlaveAgentPortEnforced","get",
"Jenkins","boundary","setSlaveAgentPort","command",
"Jenkins","boundary","forceSetSlaveAgentPort","set",
"Jenkins","boundary","getAgentProtocols","get property set",
"Jenkins","boundary","setAgentProtocols","command",
"Jenkins","boundary","launchTcpSlaveAgentListener","command collaborator",
"Jenkins","boundary","setNodeName","stateless",
"Jenkins","boundary","getNodeDescription","wrapper stateless",
"Jenkins","boundary","getDescription","get",
"Jenkins","boundary","getPluginManager","get collaborator",
"Jenkins","boundary","getUpdateCenter","get collaborator",
"Jenkins","boundary","isNoUsageStatistics","get collaborator",
"Jenkins","boundary","isUsageStatisticsCollected","predicate",
"Jenkins","boundary","setNoUsageStatistics","set collaborator",
"Jenkins","boundary","getApi","property factory controller",
"Jenkins","boundary","getSecretKey","get",
"Jenkins","boundary","getSecretKeyAsAES128","property wrapper",
"Jenkins","boundary","getLegacyInstanceId","property non-void-command",
"Jenkins","boundary","getScm","property non-void-command collaborator",
"Jenkins","boundary","getRepositoryBrowser","property non-void-command collaborator",
"Jenkins","boundary","getBuilder","property non-void-command collaborator",
"Jenkins","boundary","getBuildWrapper","property non-void-command collaborator",
"Jenkins","boundary","getPublisher","property non-void-command collaborator",
"Jenkins","boundary","getTrigger","property non-void-command collaborator",
"Jenkins","boundary","getRetentionStrategy","property non-void-command collaborator",
"Jenkins","boundary","getJobProperty","property non-void-command collaborator",
"Jenkins","boundary","getComputer","factory collaborator stateless",
"Jenkins","boundary","getCloud","factory collaborator stateless",
"Jenkins","boundary","getDescriptor","property non-void-command collaborator",
"Jenkins","boundary","getDescriptorByName","property non-void-command collaborator",
"Jenkins","boundary","getDescriptor","property non-void-command collaborator",
"Jenkins","boundary","getDescriptorOrDie","property non-void-command collaborator",
"Jenkins","boundary","getDescriptorByType","property non-void-command collaborator",
"Jenkins","boundary","getSecurityRealms","property non-void-command collaborator",
"Jenkins","boundary","findDescriptor","controller stateless",
"Jenkins","boundary","updateNewComputer","command collaborator",
"Jenkins","boundary","updateComputerList","command",
"Jenkins","boundary","getSCMListeners","get collaborator",
"Jenkins","boundary","getPlugin","property non-void-command collaborator",
"Jenkins","boundary","getPlugin","property non-void-command collaborator",
"Jenkins","boundary","getPlugins","property non-void-command collaborator",
"Jenkins","boundary","getSystemMessage","get",
"Jenkins","boundary","getMarkupFormatter","property collaborator",
"Jenkins","boundary","setMarkupFormatter","set collaborator",
"Jenkins","boundary","setSystemMessage","set",
"Jenkins","boundary","getFederatedLoginService","controller stateless",
"Jenkins","boundary","getFederatedLoginServices","wrapper stateless",
"Jenkins","boundary","createLauncher","property factory wrapper",
"Jenkins","boundary","getFullName","incidental",
"Jenkins","boundary","getFullDisplayName","incidental",
"Jenkins","boundary","getActions","get collaborator",
"Jenkins","boundary","getItems","property non-void-command collaborator",
"Jenkins","boundary","getItems","non-void-command factory collaborator",
"Jenkins","boundary","getItemMap","property wrapper",
"Jenkins","boundary","getItems","non-void-command factory collaborator",
"Jenkins","boundary","getProjects","property non-void-command collaborator",
"Jenkins","boundary","getJobNames","non-void-command factory collaborator",
"Jenkins","boundary","getViewActions","property non-void-command collaborator",
"Jenkins","boundary","getTopLevelItemNames","non-void-command factory collaborator",
"Jenkins","boundary","getView","property non-void-command collaborator",
"Jenkins","boundary","getViews","property non-void-command collaborator",
"Jenkins","boundary","addView","command collaborator",
"Jenkins","boundary","setViews","command collaborator",
"Jenkins","boundary","canDelete","predicate non-void-command collaborator",
"Jenkins","boundary","deleteView","command collaborator",
"Jenkins","boundary","onViewRenamed","command",
"Jenkins","boundary","getPrimaryView","property non-void-command collaborator",
"Jenkins","boundary","setPrimaryView","set collaborator",
"Jenkins","boundary","getViewsTabBar","get collaborator",
"Jenkins","boundary","setViewsTabBar","set collaborator",
"Jenkins","boundary","getItemGroup","get",
"Jenkins","boundary","getMyViewsTabBar","get collaborator",
"Jenkins","boundary","setMyViewsTabBar","set collaborator",
"Jenkins","boundary","isUpgradedFromBefore","predicate wrapper",
"Jenkins","boundary","getComputers","property non-void-command collaborator",
"Jenkins","boundary","getComputer","property non-void-command collaborator",
"Jenkins","boundary","getLabel","property non-void-command collaborator",
"Jenkins","boundary","getLabelAtom","property non-void-command collaborator",
"Jenkins","boundary","tryGetLabelAtom","property non-void-command collaborator",
"Jenkins","boundary","getLabels","non-void-command factory collaborator",
"Jenkins","boundary","getLabelAtomSet","get collaborator",
"Jenkins","boundary","getLabelAtoms","non-void-command factory collaborator",
"Jenkins","boundary","getQueue","get",
"Jenkins","boundary","getDisplayName","wrapper stateless",
"Jenkins","boundary","getJDKs","get collaborator",
"Jenkins","boundary","setJDKs","set collaborator",
"Jenkins","boundary","getJDK","property non-void-command collaborator",
"Jenkins","boundary","getNode","property non-void-command collaborator",
"Jenkins","boundary","getOrLoadNode","property non-void-command collaborator",
"Jenkins","boundary","getCloud","property non-void-command collaborator",
"Jenkins","boundary","getComputerMap","get collaborator",
"Jenkins","boundary","getNodes","property non-void-command collaborator",
"Jenkins","boundary","getNodesObject","get collaborator",
"Jenkins","boundary","addNode","command collaborator",
"Jenkins","boundary","removeNode","command collaborator",
"Jenkins","boundary","unloadNode","command collaborator",
"Jenkins","boundary","updateNode","predicate non-void-command collaborator",
"Jenkins","boundary","setNodes","command collaborator",
"Jenkins","boundary","getNodeProperties","get collaborator",
"Jenkins","boundary","getGlobalNodeProperties","get collaborator",
"Jenkins","boundary","trimLabels","command",
"Jenkins","boundary","trimLabels","command collaborator",
"Jenkins","boundary","trimLabels","command collaborator",
"Jenkins","boundary","getAdministrativeMonitor","property controller",
"Jenkins","boundary","getActiveAdministrativeMonitors","property non-void-command collaborator",
"Jenkins","boundary","getDescriptor","collaborator incidental",
"Jenkins","boundary","getQuietPeriod","property",
"Jenkins","boundary","setQuietPeriod","set",
"Jenkins","boundary","getScmCheckoutRetryCount","get",
"Jenkins","boundary","setScmCheckoutRetryCount","set",
"Jenkins","boundary","getSearchUrl","incidental",
"Jenkins","boundary","makeSearchIndex","property non-void-command collaborator",
"Jenkins","boundary","getUrlChildPrefix","incidental",
"Jenkins","boundary","getRootUrl","property non-void-command collaborator",
"Jenkins","boundary","getConfiguredRootUrl","controller stateless",
"Jenkins","boundary","isRootUrlSecure","predicate non-void-command",
"Jenkins","boundary","getRootUrlFromRequest","controller stateless",
"Jenkins","boundary","getRootDir","get collaborator",
"Jenkins","boundary","getWorkspaceFor","property non-void-command factory collaborator",
"Jenkins","boundary","getBuildDirFor","property non-void-command collaborator",
"Jenkins","boundary","isDefaultBuildDir","predicate non-void-command",
"Jenkins","boundary","isDefaultWorkspaceDir","predicate non-void-command",
"Jenkins","boundary","expandVariablesForDirectory","factory controller stateless",
"Jenkins","boundary","getRawWorkspaceDir","get",
"Jenkins","boundary","getRawBuildsDir","get",
"Jenkins","boundary","setRawBuildsDir","set",
"Jenkins","boundary","getRootPath","property non-void-command factory collaborator",
"Jenkins","boundary","createPath","factory collaborator stateless",
"Jenkins","boundary","getClockDifference","collaborator incidental",
"Jenkins","boundary","getClockDifferenceCallable","factory collaborator stateless",
"Jenkins","boundary","getLog","get non-void-command collaborator",
"Jenkins","boundary","setLog","set collaborator",
"Jenkins","boundary","isUseSecurity","predicate",
"Jenkins","boundary","isUseProjectNamingStrategy","predicate",
"Jenkins","boundary","isUseCrumbs","predicate",
"Jenkins","boundary","getSecurity","property collaborator",
"Jenkins","boundary","getSecurityRealm","get collaborator",
"Jenkins","boundary","setSecurityRealm","command collaborator",
"Jenkins","boundary","resetFilter","command collaborator",
"Jenkins","boundary","setAuthorizationStrategy","command collaborator",
"Jenkins","boundary","isDisableRememberMe","get",
"Jenkins","boundary","setDisableRememberMe","set",
"Jenkins","boundary","disableSecurity","command",
"Jenkins","boundary","setProjectNamingStrategy","set collaborator",
"Jenkins","boundary","getLifecycle","wrapper stateless",
"Jenkins","boundary","getInjector","wrapper stateless",
"Jenkins","boundary","getExtensionList","property non-void-command collaborator",
"Jenkins","boundary","getExtensionList","property non-void-command collaborator",
"Jenkins","boundary","getDescriptorList","property non-void-command collaborator",
"Jenkins","boundary","refreshExtensions","command collaborator",
"Jenkins","boundary","getACL","property non-void-command collaborator",
"Jenkins","boundary","getAuthorizationStrategy","get collaborator",
"Jenkins","boundary","getProjectNamingStrategy","property collaborator",
"Jenkins","boundary","isQuietingDown","predicate",
"Jenkins","boundary","isPreparingSafeRestart","predicate controller",
"Jenkins","boundary","getQuietDownReason","property collaborator",
"Jenkins","boundary","isTerminating","get",
"Jenkins","boundary","getInitLevel","get collaborator",
"Jenkins","boundary","setNumExecutors","command",
"Jenkins","boundary","getItem","property non-void-command collaborator",
"Jenkins","boundary","getItem","property non-void-command collaborator",
"Jenkins","boundary","getItem","property non-void-command collaborator",
"Jenkins","boundary","getItem","property non-void-command collaborator",
"Jenkins","boundary","getItem","property non-void-command collaborator",
"Jenkins","boundary","getRootDirFor","property non-void-command collaborator",
"Jenkins","boundary","getRootDirFor","property non-void-command factory collaborator",
"Jenkins","boundary","getItemByFullName","property controller",
"Jenkins","boundary","getItemByFullName","property non-void-command collaborator",
"Jenkins","boundary","getUser","property non-void-command collaborator",
"Jenkins","boundary","createProject","property non-void-command collaborator",
"Jenkins","boundary","createProject","property non-void-command collaborator",
"Jenkins","boundary","putItem","command collaborator",
"Jenkins","boundary","createProject","property non-void-command collaborator",
"Jenkins","boundary","onRenamed","command collaborator",
"Jenkins","boundary","onDeleted","command collaborator",
"Jenkins","boundary","canAdd","collaborator incidental",
"Jenkins","boundary","add","property non-void-command collaborator",
"Jenkins","boundary","remove","command collaborator",
"Jenkins","boundary","getFingerprintMap","get collaborator",
"Jenkins","boundary","getFingerprint","property non-void-command factory collaborator",
"Jenkins","boundary","_getFingerprint","property non-void-command collaborator",
"Jenkins","boundary","getConfigFile","property factory collaborator",
"Jenkins","boundary","getNumExecutors","get",
"Jenkins","boundary","getMode","get collaborator",
"Jenkins","boundary","setMode","set collaborator",
"Jenkins","boundary","getLabelString","property wrapper",
"Jenkins","boundary","setLabelString","command",
"Jenkins","boundary","_setLabelString","command",
"Jenkins","boundary","getSelfLabel","property non-void-command collaborator",
"Jenkins","boundary","getRenameMigrationDone","predicate",
"Jenkins","boundary","performRenameMigration","command",
"Jenkins","boundary","createComputer","factory collaborator stateless",
"Jenkins","boundary","load","command collaborator",
"Jenkins","boundary","setBuildsAndWorkspacesDir","command collaborator",
"Jenkins","boundary","loadTasks","non-void-command factory collaborator",
"Jenkins","boundary","save","command collaborator",
"Jenkins","boundary","saveQuietly","command",
"Jenkins","boundary","cleanUp","command collaborator",
"Jenkins","boundary","fireBeforeShutdown","command collaborator",
"Jenkins","boundary","_cleanUpRunTerminators","command collaborator",
"Jenkins","boundary","_cleanUpDisconnectComputers","non-void-command factory collaborator",
"Jenkins","boundary","_cleanUpInterruptReloadThread","command collaborator",
"Jenkins","boundary","_cleanUpShutdownTriggers","command collaborator",
"Jenkins","boundary","_cleanUpShutdownTimer","command collaborator",
"Jenkins","boundary","_cleanUpShutdownTcpSlaveAgent","command collaborator",
"Jenkins","boundary","_cleanUpShutdownPluginManager","command collaborator",
"Jenkins","boundary","_cleanUpPersistQueue","command collaborator",
"Jenkins","boundary","_cleanUpShutdownThreadPoolForLoad","command collaborator",
"Jenkins","boundary","_cleanUpAwaitDisconnects","command collaborator",
"Jenkins","boundary","_cleanUpPluginServletFilters","command collaborator",
"Jenkins","boundary","_cleanUpReleaseAllLoggers","command collaborator",
"Jenkins","boundary","_cleanUpCancelDependencyGraphCalculation","command",
"Jenkins","boundary","getDynamic","property non-void-command collaborator",
"Jenkins","boundary","doConfigSubmit","command collaborator",
"Jenkins","boundary","getCrumbIssuer","property collaborator",
"Jenkins","boundary","setCrumbIssuer","set collaborator",
"Jenkins","boundary","doTestPost","controller stateless",
"Jenkins","boundary","configureDescriptor","controller stateless",
"Jenkins","boundary","doConfigExecutorsSubmit","command collaborator",
"Jenkins","boundary","doSubmitDescription","command collaborator",
"Jenkins","boundary","doQuietDown","property non-void-command collaborator",
"Jenkins","boundary","doQuietDown","property non-void-command collaborator",
"Jenkins","boundary","doQuietDown","property non-void-command collaborator",
"Jenkins","boundary","doQuietDown","property non-void-command factory collaborator",
"Jenkins","boundary","doCancelQuietDown","property non-void-command factory collaborator",
"Jenkins","boundary","doToggleCollapse","controller stateless",
"Jenkins","boundary","doClassicThreadDump","controller stateless",
"Jenkins","boundary","getAllThreadDumps","property non-void-command collaborator",
"Jenkins","boundary","doCreateItem","property non-void-command collaborator",
"Jenkins","boundary","createProjectFromXML","property non-void-command collaborator",
"Jenkins","boundary","copy","property non-void-command collaborator",
"Jenkins","boundary","copy","property non-void-command collaborator",
"Jenkins","boundary","doCreateView","command collaborator",
"Jenkins","boundary","doSecured","controller stateless",
"Jenkins","boundary","doLoginEntry","controller stateless",
"Jenkins","boundary","doLogout","command collaborator",
"Jenkins","boundary","getJnlpJars","factory collaborator stateless",
"Jenkins","boundary","doJnlpJars","factory controller stateless",
"Jenkins","boundary","doReload","property non-void-command collaborator",
"Jenkins","boundary","reload","command",
"Jenkins","boundary","doDoFingerprintCheck","command collaborator",
"Jenkins","boundary","doGc","command collaborator",
"Jenkins","boundary","doException","stateless",
"Jenkins","boundary","doContextMenu","factory controller",
"Jenkins","boundary","doChildrenContextMenu","non-void-command factory collaborator",
"Jenkins","boundary","getHeapDump","property factory collaborator",
"Jenkins","boundary","doSimulateOutOfMemory","command collaborator",
"Jenkins","boundary","doUserContent","property non-void-command factory collaborator",
"Jenkins","boundary","doRestart","command collaborator",
"Jenkins","boundary","generateNotFoundResponse","controller",
"Jenkins","boundary","doSafeRestart","property non-void-command collaborator",
"Jenkins","boundary","doSafeRestart","property non-void-command collaborator",
"Jenkins","boundary","restart","command",
"Jenkins","boundary","safeRestart","command",
"Jenkins","boundary","safeRestart","command",
"Jenkins","boundary","doExit","command collaborator",
"Jenkins","boundary","doSafeExit","property non-void-command collaborator",
"Jenkins","boundary","doScript","command collaborator",
"Jenkins","boundary","doScriptText","command collaborator",
"Jenkins","boundary","doEval","command collaborator",
"Jenkins","boundary","doSignup","command collaborator",
"Jenkins","boundary","doIconSize","controller stateless",
"Jenkins","boundary","doFingerprintCleanup","command collaborator",
"Jenkins","boundary","doWorkspaceCleanup","command collaborator",
"Jenkins","boundary","doDefaultJDKCheck","property controller",
"Jenkins","boundary","doCheckViewName","property non-void-command collaborator",
"Jenkins","boundary","doViewExistsCheck","property non-void-command collaborator",
"Jenkins","boundary","doResources","command collaborator",
"Jenkins","boundary","doCheckURIEncoding","property non-void-command collaborator",
"Jenkins","boundary","getFutureDependencyGraph","get property wrapper",
"Jenkins","boundary","rebuildDependencyGraph","set collaborator",
"Jenkins","boundary","rebuildDependencyGraphAsync","get property set collaborator",
"Jenkins","boundary","scheduleCalculationOfFutureDependencyGraph","get property non-void-command collaborator",
"Jenkins","boundary","getDependencyGraph","get collaborator",
"Jenkins","boundary","getManagementLinks","wrapper stateless",
"Jenkins","boundary","getCategorizedManagementLinks","non-void-command factory collaborator",
"Jenkins","boundary","getSetupWizard","get collaborator",
"Jenkins","boundary","getMe","wrapper stateless",
"Jenkins","boundary","getWidgets","get collaborator",
"Jenkins","boundary","getTarget","get non-void-command collaborator",
"Jenkins","boundary","isSubjectToMandatoryReadPermissionCheck","predicate non-void-command",
"Jenkins","boundary","isAgentJnlpPath","controller stateless",
"Jenkins","boundary","getUnprotectedRootActions","non-void-command factory collaborator",
"Jenkins","boundary","getStaplerFallback","property non-void-command collaborator",
"Jenkins","boundary","isDisplayNameUnique","predicate non-void-command collaborator",
"Jenkins","boundary","isNameUnique","predicate non-void-command collaborator",
"Jenkins","boundary","doCheckDisplayName","property non-void-command collaborator",
"Jenkins","boundary","shouldShowStackTrace","wrapper stateless",
"Roles","empty","Roles","constructor",
"NullChangeLogParser","data-provider boundary lazy-class small-class","parse","wrapper stateless",
"NullChangeLogParser","data-provider boundary lazy-class small-class","readResolve","get collaborator",
"CloudProvisioningListener","degenerate","canProvision","wrapper stateless",
"CloudProvisioningListener","degenerate","canProvision","property non-void-command collaborator",
"CloudProvisioningListener","degenerate","onStarted","empty",
"CloudProvisioningListener","degenerate","onComplete","empty",
"CloudProvisioningListener","degenerate","onCommit","empty",
"CloudProvisioningListener","degenerate","onFailure","empty",
"CloudProvisioningListener","degenerate","onRollback","empty",
"HudsonAuthenticationEntryPoint","pure-controller small-class","HudsonAuthenticationEntryPoint","constructor",
"HudsonAuthenticationEntryPoint","pure-controller small-class","commence","controller",
"PermalinkList","small-class","PermalinkList","constructor",
"PermalinkList","small-class","PermalinkList","constructor",
"PermalinkList","small-class","get","property controller",
"PermalinkList","small-class","findNearest","property non-void-command collaborator",
"SafeTimerTask","commander small-class","run","command",
"NonSerializableSecurityContext","entity minimal-entity boundary","NonSerializableSecurityContext","constructor",
"NonSerializableSecurityContext","entity minimal-entity boundary","NonSerializableSecurityContext","constructor",
"NonSerializableSecurityContext","entity minimal-entity boundary","equals","predicate non-void-command collaborator",
"NonSerializableSecurityContext","entity minimal-entity boundary","getAuthentication","get collaborator",
"NonSerializableSecurityContext","entity minimal-entity boundary","hashCode","property non-void-command",
"NonSerializableSecurityContext","entity minimal-entity boundary","setAuthentication","set collaborator",
"NonSerializableSecurityContext","entity minimal-entity boundary","toString","property non-void-command collaborator",
"BooleanParameterDefinition","boundary","BooleanParameterDefinition","constructor",
"BooleanParameterDefinition","boundary","BooleanParameterDefinition","constructor",
"BooleanParameterDefinition","boundary","copyWithDefaultValue","get property non-void-command factory collaborator",
"BooleanParameterDefinition","boundary","isDefaultValue","get",
"BooleanParameterDefinition","boundary","setDefaultValue","set",
"BooleanParameterDefinition","boundary","createValue","property non-void-command collaborator",
"BooleanParameterDefinition","boundary","createValue","property non-void-command factory collaborator",
"BooleanParameterDefinition","boundary","getDefaultParameterValue","property non-void-command factory collaborator",
"BooleanParameterDefinition","boundary","hashCode","property non-void-command",
"BooleanParameterDefinition","boundary","equals","get predicate non-void-command collaborator",
"ConsoleUrlProvider","boundary degenerate small-class","getDescriptor","wrapper stateless",
"ResourceDomainRecommendation","entity boundary degenerate","getDisplayName","wrapper stateless",
"ResourceDomainRecommendation","entity boundary degenerate","isActivated","wrapper stateless",
"ResourceDomainRecommendation","entity boundary degenerate","doAct","property non-void-command collaborator",
"ResourceDomainRecommendation","entity boundary degenerate","getRequiredPermission","collaborator incidental",
"ResourceDomainRecommendation","entity boundary degenerate","isSecurity","incidental",
"InterceptingScheduledExecutorService","entity boundary","InterceptingScheduledExecutorService","constructor",
"InterceptingScheduledExecutorService","entity boundary","delegate","property non-void-command collaborator",
"InterceptingScheduledExecutorService","entity boundary","schedule","property non-void-command collaborator",
"InterceptingScheduledExecutorService","entity boundary","schedule","property non-void-command collaborator",
"InterceptingScheduledExecutorService","entity boundary","scheduleAtFixedRate","property non-void-command collaborator",
"InterceptingScheduledExecutorService","entity boundary","scheduleWithFixedDelay","property non-void-command collaborator",
"PermissionScope","controller small-class","PermissionScope","copy-constructor",
"PermissionScope","controller small-class","isContainedBy","predicate controller",
"ListViewColumn","degenerate","getColumnCaption","property non-void-command",
"ListViewColumn","degenerate","shownByDefault","incidental",
"ListViewColumn","degenerate","getDescriptor","wrapper stateless",
"ParameterDefinition","unclassified","ParameterDefinition","constructor",
"ParameterDefinition","unclassified","ParameterDefinition","constructor",
"ParameterDefinition","unclassified","copyWithDefaultValue","get collaborator",
"ParameterDefinition","unclassified","getType","property non-void-command",
"ParameterDefinition","unclassified","getName","get",
"ParameterDefinition","unclassified","getDescription","get",
"ParameterDefinition","unclassified","setDescription","set",
"ParameterDefinition","unclassified","getFormattedDescription","property non-void-command",
"ParameterDefinition","unclassified","getDescriptor","wrapper stateless",
"ParameterDefinition","unclassified","createValue","wrapper stateless",
"ParameterDefinition","unclassified","getDefaultParameterValue","collaborator incidental",
"ParameterDefinition","unclassified","isValid","collaborator incidental",
"ParameterDefinition","unclassified","hashCode","property non-void-command",
"ParameterDefinition","unclassified","equals","predicate non-void-command collaborator",
"UpdateViewCommand","small-class","getShortDescription","wrapper stateless",
"UpdateViewCommand","small-class","run","property non-void-command",
"HistoryPageEntry<T>","small-class","HistoryPageEntry","constructor",
"HistoryPageEntry<T>","small-class","getEntry","get collaborator",
"HistoryPageEntry<T>","small-class","getEntryId","property non-void-command",
"BulkChange","commander","BulkChange","constructor",
"BulkChange","commander","commit","command",
"BulkChange","commander","close","command",
"BulkChange","commander","abort","set",
"BulkChange","commander","pop","command",
"Search","unclassified","doIndex","command collaborator",
"Search","unclassified","doSuggestOpenSearch","command collaborator",
"Search","unclassified","doSuggest","command collaborator",
"Search","unclassified","getSuggestions","non-void-command factory collaborator",
"Search","unclassified","getMaxSearchSize","get",
"Search","unclassified","findClosestSearchableModelObject","controller stateless",
"Search","unclassified","makeSuggestIndex","controller stateless",
"Search","unclassified","find","controller stateless",
"Search","unclassified","find","controller stateless",
"Search","unclassified","getTarget","get wrapper",
"UrlAnnotatorTest","commander","testAnnotate","command",
"UrlAnnotatorTest","commander","annotateFileScheme","command",
"UrlAnnotatorTest","commander","annotate","property non-void-command collaborator",
"ResourceList","entity boundary","r","get non-void-command collaborator",
"ResourceList","entity boundary","w","get non-void-command collaborator",
"ResourceList","entity boundary","isCollidingWith","predicate non-void-command",
"ResourceList","entity boundary","getConflict","property non-void-command collaborator",
"ResourceList","entity boundary","_getConflict","property non-void-command collaborator",
"ResourceList","entity boundary","toString","property non-void-command collaborator",
"AnnotatedLargeText<T>","boundary","AnnotatedLargeText","constructor",
"AnnotatedLargeText<T>","boundary","AnnotatedLargeText","constructor",
"AnnotatedLargeText<T>","boundary","doProgressiveHtml","controller stateless",
"AnnotatedLargeText<T>","boundary","doProgressiveText","wrapper stateless",
"AnnotatedLargeText<T>","boundary","isHtml","controller stateless",
"AnnotatedLargeText<T>","boundary","setContentType","command collaborator",
"AnnotatedLargeText<T>","boundary","createAnnotator","property non-void-command collaborator",
"AnnotatedLargeText<T>","boundary","getConsoleAnnotator","controller stateless",
"AnnotatedLargeText<T>","boundary","writeLogTo","property non-void-command collaborator",
"AnnotatedLargeText<T>","boundary","writeLogTo","property non-void-command collaborator",
"AnnotatedLargeText<T>","boundary","writeRawLogTo","property non-void-command collaborator",
"AnnotatedLargeText<T>","boundary","writeHtmlTo","property non-void-command collaborator",
"ConsoleLogFilter","entity boundary","decorateLogger","property non-void-command collaborator",
"ConsoleLogFilter","entity boundary","decorateLogger","property non-void-command collaborator",
"ConsoleLogFilter","entity boundary","decorateLogger","collaborator incidental",
"ApiTokenStore","boundary","ApiTokenStore","constructor",
"ApiTokenStore","boundary","readResolve","get non-void-command collaborator",
"ApiTokenStore","boundary","init","set",
"ApiTokenStore","boundary","getTokenListSortedByName","property non-void-command collaborator",
"ApiTokenStore","boundary","addToken","command collaborator",
"ApiTokenStore","boundary","reconfigure","command collaborator",
"ApiTokenStore","boundary","regenerateTokenFromLegacy","command collaborator",
"ApiTokenStore","boundary","regenerateTokenFromLegacyIfRequired","command collaborator",
"ApiTokenStore","boundary","deleteAllLegacyAndGenerateNewOne","command",
"ApiTokenStore","boundary","deleteAllLegacyTokens","command",
"ApiTokenStore","boundary","addLegacyToken","command collaborator",
"ApiTokenStore","boundary","getLegacyToken","property non-void-command collaborator",
"ApiTokenStore","boundary","generateNewToken","property non-void-command factory collaborator",
"ApiTokenStore","boundary","addFixedNewToken","property non-void-command collaborator",
"ApiTokenStore","boundary","prepareAndStoreToken","property non-void-command collaborator",
"ApiTokenStore","boundary","plainSecretToHashInHex","property non-void-command",
"ApiTokenStore","boundary","plainSecretToHashBytes","property non-void-command",
"ApiTokenStore","boundary","hashedBytes","property controller",
"ApiTokenStore","boundary","findMatchingToken","property non-void-command collaborator",
"ApiTokenStore","boundary","isLegacyToken","predicate controller",
"ApiTokenStore","boundary","getHashOfToken","controller stateless",
"ApiTokenStore","boundary","searchMatch","property non-void-command collaborator",
"ApiTokenStore","boundary","revokeToken","property non-void-command collaborator",
"ApiTokenStore","boundary","revokeAllTokens","command",
"ApiTokenStore","boundary","revokeAllTokensExcept","command",
"ApiTokenStore","boundary","renameToken","predicate non-void-command collaborator",
"PluginUpdateMonitor","boundary","ifPluginOlderThenReport","command collaborator",
"PluginUpdateMonitor","boundary","isActivated","predicate non-void-command",
"PluginUpdateMonitor","boundary","getDisplayName","wrapper stateless",
"PluginUpdateMonitor","boundary","addPluginToUpdate","command",
"PluginUpdateMonitor","boundary","getPluginsToBeUpdated","property non-void-command collaborator",
"CollectionSearchIndex<SMTextendsSearchableModelObject>","degenerate","allAsIterable","wrapper stateless",
"CollectionSearchIndex<SMTextendsSearchableModelObject>","degenerate","find","controller stateless",
"CollectionSearchIndex<SMTextendsSearchableModelObject>","degenerate","suggest","command collaborator",
"CollectionSearchIndex<SMTextendsSearchableModelObject>","degenerate","getName","controller stateless",
"QuotedStringTokenizerTest","commander boundary degenerate","test1","wrapper stateless",
"QuotedStringTokenizerTest","commander boundary degenerate","test2","wrapper stateless",
"QuotedStringTokenizerTest","commander boundary degenerate","test3","wrapper stateless",
"QuotedStringTokenizerTest","commander boundary degenerate","test4","command",
"QuotedStringTokenizerTest","commander boundary degenerate","test5","command",
"QuotedStringTokenizerTest","commander boundary degenerate","test6","wrapper stateless",
"QuotedStringTokenizerTest","commander boundary degenerate","test7","command",
"QuotedStringTokenizerTest","commander boundary degenerate","testHasMoreToken","controller stateless",
"QuotedStringTokenizerTest","commander boundary degenerate","check","wrapper stateless",
"UberClassLoader","unclassified","UberClassLoader","constructor",
"UberClassLoader","unclassified","findClass","property non-void-command collaborator",
"UberClassLoader","unclassified","computeValue","property controller",
"UberClassLoader","unclassified","findResource","property controller",
"UberClassLoader","unclassified","findResources","property controller",
"UberClassLoader","unclassified","clearCacheMisses","command",
"UberClassLoader","unclassified","toString","wrapper stateless",
"GlobalConfiguration","data-provider","GlobalConfiguration","constructor",
"GlobalConfiguration","data-provider","getDescriptor","get collaborator",
"GlobalConfiguration","data-provider","getGlobalConfigPage","property non-void-command",
"GlobalConfiguration","data-provider","configure","predicate controller",
"AbstractDiskSpaceMonitor","entity minimal-entity boundary","AbstractDiskSpaceMonitor","constructor",
"AbstractDiskSpaceMonitor","entity minimal-entity boundary","AbstractDiskSpaceMonitor","constructor",
"AbstractDiskSpaceMonitor","entity minimal-entity boundary","readResolve","get set collaborator",
"AbstractDiskSpaceMonitor","entity minimal-entity boundary","setFreeSpaceWarningThreshold","set",
"AbstractDiskSpaceMonitor","entity minimal-entity boundary","getFreeSpaceWarningThreshold","get",
"AbstractDiskSpaceMonitor","entity minimal-entity boundary","getThresholdBytes","get property wrapper",
"AbstractDiskSpaceMonitor","entity minimal-entity boundary","getThresholdBytes","property non-void-command collaborator",
"AbstractDiskSpaceMonitor","entity minimal-entity boundary","getWarningThresholdBytes","property wrapper",
"AbstractDiskSpaceMonitor","entity minimal-entity boundary","getWarningThresholdBytes","property non-void-command collaborator",
"AbstractDiskSpaceMonitor","entity minimal-entity boundary","data","property non-void-command collaborator",
"AtomicFileWriter","commander","AtomicFileWriter","constructor",
"AtomicFileWriter","commander","AtomicFileWriter","constructor",
"AtomicFileWriter","commander","AtomicFileWriter","constructor",
"AtomicFileWriter","commander","AtomicFileWriter","constructor",
"AtomicFileWriter","commander","write","command",
"AtomicFileWriter","commander","write","command",
"AtomicFileWriter","commander","write","void-accessor command",
"AtomicFileWriter","commander","flush","command",
"AtomicFileWriter","commander","close","command",
"AtomicFileWriter","commander","abort","command",
"AtomicFileWriter","commander","commit","command",
"AtomicFileWriter","commander","getTemporaryFile","property non-void-command collaborator",
"AtomicFileWriter","commander","getTemporaryPath","get collaborator",
"XmlFileTest","pure-controller degenerate","canReadXml1_0Test","controller stateless",
"XmlFileTest","pure-controller degenerate","xml1_0_withSpecialCharsShouldFail","controller stateless",
"XmlFileTest","pure-controller degenerate","canReadXml1_1Test","controller stateless",
"XmlFileTest","pure-controller degenerate","canReadXmlWithControlCharsTest","controller stateless",
"CLI","empty","CLI","constructor",
"ParameterDefinitionTest","boundary degenerate","compareStringParameterDefinition","wrapper stateless",
"ParameterDefinitionTest","boundary degenerate","compareBooleanParameterDefinition","wrapper stateless",
"ParameterDefinitionTest","boundary degenerate","compareChoiceParameterDefinition","wrapper stateless",
"ParameterDefinitionTest","boundary degenerate","comparePasswordParameterDefinition","wrapper stateless",
"ParameterDefinitionTest","boundary degenerate","compareFileParameterDefinition","wrapper stateless",
"ParameterDefinitionTest","boundary degenerate","compareRunParameterDefinition","wrapper stateless",
"ParameterDefinitionTest","boundary degenerate","compareChildsWithoutEqualsAndHashCode","wrapper stateless",
"ListBoxModel","commander","ListBoxModel","constructor",
"ListBoxModel","commander","ListBoxModel","constructor",
"ListBoxModel","commander","ListBoxModel","constructor",
"ListBoxModel","commander","ListBoxModel","constructor",
"ListBoxModel","commander","add","command",
"ListBoxModel","commander","add","command",
"ListBoxModel","commander","add","get non-void-command",
"ListBoxModel","commander","writeTo","controller",
"ListBoxModel","commander","generateResponse","command collaborator",
"ListBoxModel","commander","values","wrapper stateless",
"CompositeCauseOfBlockage","small-class","CompositeCauseOfBlockage","constructor",
"CompositeCauseOfBlockage","small-class","getShortDescription","property non-void-command",
"CompositeCauseOfBlockage","small-class","print","command collaborator",
"ComputerConnector","entity boundary small-class","getDescriptor","property non-void-command collaborator",
"CLIAction","boundary degenerate","getIconFileName","incidental",
"CLIAction","boundary degenerate","getDisplayName","incidental",
"CLIAction","boundary degenerate","getUrlName","incidental",
"CLIAction","boundary degenerate","doCommand","controller",
"CLIAction","boundary degenerate","isWebSocketSupported","wrapper stateless",
"CLIAction","boundary degenerate","doWs","property non-void-command collaborator",
"CLIAction","boundary degenerate","getTarget","get controller",
"CLIConnectionFactory","unclassified","authorization","get set",
"CLIConnectionFactory","unclassified","noCertificateCheck","get set",
"CLIConnectionFactory","unclassified","basicAuth","property non-void-command",
"CLIConnectionFactory","unclassified","basicAuth","property non-void-command",
"CLIConnectionFactory","unclassified","bearerAuth","property non-void-command",
"StringParameterValue","unclassified","StringParameterValue","constructor",
"StringParameterValue","unclassified","StringParameterValue","constructor",
"StringParameterValue","unclassified","buildEnvironment","command collaborator",
"StringParameterValue","unclassified","createVariableResolver","property non-void-command collaborator",
"StringParameterValue","unclassified","getValue","get",
"StringParameterValue","unclassified","doTrim","set",
"StringParameterValue","unclassified","hashCode","property non-void-command",
"StringParameterValue","unclassified","equals","predicate non-void-command collaborator",
"StringParameterValue","unclassified","toString","property non-void-command",
"StringParameterValue","unclassified","getShortDescription","property",
"FormValidation","small-class","FormValidation","constructor",
"FormValidation","small-class","FormValidation","constructor",
"FormValidation","small-class","generateResponse","command collaborator",
"FormValidation","small-class","respond","controller",
"StreamTaskListener","entity boundary","StreamTaskListener","constructor",
"StreamTaskListener","entity boundary","StreamTaskListener","constructor",
"StreamTaskListener","entity boundary","StreamTaskListener","constructor",
"StreamTaskListener","entity boundary","StreamTaskListener","constructor",
"StreamTaskListener","entity boundary","StreamTaskListener","constructor",
"StreamTaskListener","entity boundary","StreamTaskListener","constructor",
"StreamTaskListener","entity boundary","StreamTaskListener","constructor",
"StreamTaskListener","entity boundary","StreamTaskListener","constructor",
"StreamTaskListener","entity boundary","getLogger","get collaborator",
"StreamTaskListener","entity boundary","getCharset","property wrapper",
"StreamTaskListener","entity boundary","writeObject","command collaborator",
"StreamTaskListener","entity boundary","readObject","command collaborator",
"StreamTaskListener","entity boundary","close","command",
"StreamTaskListener","entity boundary","closeQuietly","command",
"ConsoleAnnotatorFactory<T>","boundary","type","wrapper stateless",
"ConsoleAnnotatorFactory<T>","boundary","hasScript","predicate non-void-command",
"ConsoleAnnotatorFactory<T>","boundary","hasStylesheet","predicate non-void-command",
"ConsoleAnnotatorFactory<T>","boundary","getResource","controller stateless",
"ConsoleAnnotatorFactory<T>","boundary","doScriptJs","command collaborator",
"ConsoleAnnotatorFactory<T>","boundary","doStyleCss","command collaborator",
"LabelAtomProperty","boundary degenerate small-class","getActions","wrapper stateless",
"LabelAutoCompleteSeederTest","pure-controller degenerate small-class","testAutoCompleteSeeds","controller stateless",
"SecretRewriter","boundary","SecretRewriter","constructor",
"SecretRewriter","boundary","SecretRewriter","constructor",
"SecretRewriter","boundary","tryRewrite","property non-void-command collaborator",
"SecretRewriter","boundary","rewrite","predicate non-void-command collaborator",
"SecretRewriter","boundary","rewrite","predicate non-void-command collaborator",
"SecretRewriter","boundary","rewriteRecursive","property non-void-command collaborator",
"SecretRewriter","boundary","rewriteRecursive","property non-void-command collaborator",
"SecretRewriter","boundary","isIgnoredDir","controller stateless",
"CommandInstaller","degenerate","CommandInstaller","constructor",
"CommandInstaller","degenerate","getCommandFileExtension","incidental",
"CommandInstaller","degenerate","getCommandCall","controller stateless",
"CommandInstaller","degenerate","readResolve","property non-void-command factory collaborator",
"ComputerPanelBox","boundary data-class small-class","setComputer","set collaborator",
"ComputerPanelBox","boundary data-class small-class","getComputer","get collaborator",
"RunParameterValueTest","pure-controller degenerate small-class","robustness","controller stateless",
"AbstractMarkupText","boundary degenerate","AbstractMarkupText","constructor",
"AbstractMarkupText","boundary degenerate","charAt","property non-void-command",
"AbstractMarkupText","boundary degenerate","length","property non-void-command",
"AbstractMarkupText","boundary degenerate","addHyperlink","wrapper stateless",
"AbstractMarkupText","boundary degenerate","addHyperlinkLowKey","wrapper stateless",
"AbstractMarkupText","boundary degenerate","hide","wrapper stateless",
"AbstractMarkupText","boundary degenerate","wrapBy","command",
"AbstractMarkupText","boundary degenerate","findToken","controller stateless",
"AbstractMarkupText","boundary degenerate","findTokens","factory controller stateless",
"CronTabEventualityTest","commander boundary","createLimit","controller stateless",
"CronTabEventualityTest","commander boundary","CronTabEventualityTest","constructor",
"CronTabEventualityTest","commander boundary","testYearlyWillBeEventuallyTriggeredWithinOneYear","command collaborator",
"CronTabEventualityTest","commander boundary","testAnnuallyWillBeEventuallyTriggeredWithinOneYear","command collaborator",
"CronTabEventualityTest","commander boundary","testMonthlyWillBeEventuallyTriggeredWithinOneMonth","command collaborator",
"CronTabEventualityTest","commander boundary","testWeeklyWillBeEventuallyTriggeredWithinOneWeek","command collaborator",
"CronTabEventualityTest","commander boundary","testDailyWillBeEventuallyTriggeredWithinOneDay","command collaborator",
"CronTabEventualityTest","commander boundary","testMidnightWillBeEventuallyTriggeredWithinOneDay","command collaborator",
"CronTabEventualityTest","commander boundary","testHourlyWillBeEventuallyTriggeredWithinOneHour","command collaborator",
"CronTabEventualityTest","commander boundary","testFirstDayOfMonthWillBeEventuallyTriggeredWithinOneMonth","command collaborator",
"CronTabEventualityTest","commander boundary","testFirstSundayOfMonthWillBeEventuallyTriggeredWithinOneMonthAndOneWeek","command collaborator",
"CronTabEventualityTest","commander boundary","checkEventuality","controller",
"LocalPluginManager","boundary degenerate small-class","LocalPluginManager","constructor",
"LocalPluginManager","boundary degenerate small-class","LocalPluginManager","constructor",
"LocalPluginManager","boundary degenerate small-class","LocalPluginManager","constructor",
"LocalPluginManager","boundary degenerate small-class","loadBundledPlugins","wrapper stateless",
"NoCheckTrustManager","degenerate","checkClientTrusted","empty",
"NoCheckTrustManager","degenerate","checkServerTrusted","empty",
"NoCheckTrustManager","degenerate","getAcceptedIssuers","factory collaborator incidental",
"GlobalSCMRetryCountConfiguration","degenerate","getScmCheckoutRetryCount","property non-void-command",
"GlobalSCMRetryCountConfiguration","degenerate","configure","controller stateless",
"GlobalSCMRetryCountConfiguration","degenerate","getRequiredGlobalConfigPagePermission","collaborator incidental",
"ClassicPluginStrategy","controller","ClassicPluginStrategy","constructor",
"ClassicPluginStrategy","controller","getShortName","controller stateless",
"ClassicPluginStrategy","controller","createPluginWrapper","property non-void-command factory collaborator",
"ClassicPluginStrategy","controller","fix","command collaborator",
"ClassicPluginStrategy","controller","createClassLoader","property non-void-command collaborator",
"ClassicPluginStrategy","controller","createClassLoader","property non-void-command collaborator",
"ClassicPluginStrategy","controller","createClassLoader","factory controller stateless",
"ClassicPluginStrategy","controller","getBaseClassLoader","factory controller stateless",
"ClassicPluginStrategy","controller","initializeComponents","empty",
"ClassicPluginStrategy","controller","findComponents","non-void-command factory collaborator",
"ClassicPluginStrategy","controller","load","void-accessor command collaborator",
"ClassicPluginStrategy","controller","startPlugin","controller stateless",
"ClassicPluginStrategy","controller","updateDependency","void-accessor command collaborator",
"ClassicPluginStrategy","controller","findAncestorDependencyClassLoader","controller stateless",
"Trigger<JextendsItem>","unclassified","start","command",
"Trigger<JextendsItem>","unclassified","run","empty",
"Trigger<JextendsItem>","unclassified","stop","empty",
"Trigger<JextendsItem>","unclassified","getProjectAction","collaborator incidental",
"Trigger<JextendsItem>","unclassified","getProjectActions","property non-void-command collaborator",
"Trigger<JextendsItem>","unclassified","getDescriptor","wrapper stateless",
"Trigger<JextendsItem>","unclassified","Trigger","constructor",
"Trigger<JextendsItem>","unclassified","Trigger","constructor",
"Trigger<JextendsItem>","unclassified","getSpec","get",
"Trigger<JextendsItem>","unclassified","readResolve","get set collaborator",
"Trigger<JextendsItem>","unclassified","toString","property non-void-command",
"CallableDirectionChecker","commander boundary small-class","check","command collaborator",
"TextParameterValue","small-class","TextParameterValue","constructor",
"TextParameterValue","small-class","TextParameterValue","constructor",
"TextParameterValue","small-class","toString","property non-void-command",
"ConsoleUrlProviderGlobalConfiguration","entity boundary lazy-class","ConsoleUrlProviderGlobalConfiguration","constructor",
"ConsoleUrlProviderGlobalConfiguration","entity boundary lazy-class","getCategory","wrapper stateless",
"ConsoleUrlProviderGlobalConfiguration","entity boundary lazy-class","getProviders","get collaborator",
"ConsoleUrlProviderGlobalConfiguration","entity boundary lazy-class","setProviders","set collaborator",
"ConsoleUrlProviderGlobalConfiguration","entity boundary lazy-class","configure","predicate non-void-command collaborator",
"ConsoleUrlProviderGlobalConfiguration","entity boundary lazy-class","isEnabled","wrapper stateless",
"ConsoleUrlProviderGlobalConfiguration","entity boundary lazy-class","getProvidersDescriptors","wrapper stateless",
"Category","data-provider data-class","Category","constructor",
"Category","data-provider data-class","getId","get",
"Category","data-provider data-class","getName","get",
"Category","data-provider data-class","getDescription","get",
"Category","data-provider data-class","getOrder","get",
"Category","data-provider data-class","getMinToShow","get",
"Category","data-provider data-class","getItems","get collaborator",
"DiagnosedStreamCorruptionException","data-provider","DiagnosedStreamCorruptionException","constructor",
"DiagnosedStreamCorruptionException","data-provider","getDiagnoseFailure","get collaborator",
"DiagnosedStreamCorruptionException","data-provider","getReadBack","get",
"DiagnosedStreamCorruptionException","data-provider","getReadAhead","get",
"DiagnosedStreamCorruptionException","data-provider","toString","property non-void-command collaborator",
"EncryptedSlaveAgentJnlpFile","commander boundary small-class","EncryptedSlaveAgentJnlpFile","constructor",
"EncryptedSlaveAgentJnlpFile","commander boundary small-class","generateResponse","command collaborator",
"PackedMap<K,V>","controller","PackedMap","constructor",
"PackedMap<K,V>","controller","entrySet","get collaborator",
"PackedMap<K,V>","controller","containsKey","predicate controller",
"PackedMap<K,V>","controller","get","property controller",
"PackedMap<K,V>","controller","values","property non-void-command factory collaborator",
"HudsonHomeDiskUsageChecker","small-class","getRecurrencePeriod","get",
"HudsonHomeDiskUsageChecker","small-class","doRun","command",
"SSHCLI","empty","SSHCLI","constructor",
"ResponseTimeMonitor","empty","ResponseTimeMonitor","constructor",
"ResourceController","unclassified","execute","command collaborator",
"ResourceController","unclassified","canRun","predicate non-void-command collaborator",
"ResourceController","unclassified","getMissingResource","property non-void-command collaborator",
"ResourceController","unclassified","getBlockingActivity","property controller",
"ResourceController","unclassified","_await","wrapper stateless",
"ResourceController","unclassified","_signalAll","wrapper stateless",
"ResourceController","unclassified","_withLock","controller",
"ResourceController","unclassified","_withLock","property controller",
"ResourceController","unclassified","_withLock","property controller",
"AbstractBuildRangeCommand","entity boundary small-class","run","property non-void-command collaborator",
"HexDumpTest","boundary degenerate small-class","testToHex1","wrapper stateless",
"HexDumpTest","boundary degenerate small-class","testToHex2","wrapper stateless",
"FileUploadPluginCopier","commander small-class","FileUploadPluginCopier","constructor",
"FileUploadPluginCopier","commander small-class","copy","command collaborator",
"FileUploadPluginCopier","commander small-class","cleanup","command",
"JobTest","pure-controller degenerate","testSetDisplayName","controller stateless",
"JobTest","pure-controller degenerate","testSetDisplayNameZeroLength","controller stateless",
"JobTest","pure-controller degenerate","use_agent_platform_path_separator_when_contribute_path","controller stateless",
"GenericItemOptionHandler<TextendsItem>","small-class","GenericItemOptionHandler","constructor",
"GenericItemOptionHandler<TextendsItem>","small-class","parseArguments","property non-void-command collaborator",
"GenericItemOptionHandler<TextendsItem>","small-class","getDefaultMetaVariable","incidental",
"SecurityListener","commander degenerate","authenticated2","command collaborator",
"SecurityListener","commander degenerate","authenticated","empty",
"SecurityListener","commander degenerate","failedToAuthenticate","empty",
"SecurityListener","commander degenerate","loggedIn","empty",
"SecurityListener","commander degenerate","userCreated","empty",
"SecurityListener","commander degenerate","failedToLogIn","empty",
"SecurityListener","commander degenerate","loggedOut","empty",
"SlaveSystemInfo","boundary degenerate small-class","getRequiredPermission","collaborator incidental",
"PluginCycleDependenciesMonitor","boundary lazy-class","getDisplayName","wrapper stateless",
"PluginCycleDependenciesMonitor","boundary lazy-class","isActivated","get non-void-command collaborator",
"PluginCycleDependenciesMonitor","boundary lazy-class","getPluginsWithCycle","get collaborator",
"PartialHeader","data-provider boundary small-class","isCompatible","predicate wrapper",
"TaskThread","unclassified","TaskThread","constructor",
"TaskThread","unclassified","readAll","property non-void-command collaborator",
"TaskThread","unclassified","associateWith","void-accessor collaborator",
"TaskThread","unclassified","start","command",
"TaskThread","unclassified","isRunning","get",
"TaskThread","unclassified","createListener","wrapper stateless",
"TaskThread","unclassified","run","command",
"DetachedPluginsUtilTest","degenerate","checkJaxb","command collaborator",
"DetachedPluginsUtilTest","degenerate","mapToPluginShortName","controller stateless",
"DetachedPluginsUtilTest","degenerate","checkSplitPluginsFileFormat","controller stateless",
"WhoAmICommand","degenerate small-class","getShortDescription","wrapper stateless",
"WhoAmICommand","degenerate small-class","run","controller stateless",
"Timeline","unclassified","at","property non-void-command",
"Timeline","unclassified","next","property non-void-command",
"Timeline","unclassified","splitAt","command",
"Timeline","unclassified","insert","property non-void-command collaborator",
"Timeline","unclassified","fit","property non-void-command",
"ProxyConfigurationManager","degenerate","getDisplayName","wrapper stateless",
"ProxyConfigurationManager","degenerate","getProxyDescriptor","property non-void-command collaborator",
"ProxyConfigurationManager","degenerate","configure","controller stateless",
"AbstractProject<PextendsAbstractProject<P,R>,RextendsAbstractBuild<P,R>>","boundary","AbstractProject","constructor",
"AbstractProject<PextendsAbstractProject<P,R>,RextendsAbstractBuild<P,R>>","boundary","createBuildMixIn","get property non-void-command factory collaborator",
"AbstractProject<PextendsAbstractProject<P,R>,RextendsAbstractBuild<P,R>>","boundary","getLazyBuildMixIn","get collaborator",
"AbstractProject<PextendsAbstractProject<P,R>,RextendsAbstractBuild<P,R>>","boundary","save","command",
"AbstractProject<PextendsAbstractProject<P,R>,RextendsAbstractBuild<P,R>>","boundary","onCreatedFromScratch","command",
"AbstractProject<PextendsAbstractProject<P,R>,RextendsAbstractBuild<P,R>>","boundary","onLoad","command collaborator",
"AbstractProject<PextendsAbstractProject<P,R>,RextendsAbstractBuild<P,R>>","boundary","triggers","get non-void-command collaborator",
"AbstractProject<PextendsAbstractProject<P,R>,RextendsAbstractBuild<P,R>>","boundary","getEnvironment","property non-void-command collaborator",
"AbstractProject<PextendsAbstractProject<P,R>,RextendsAbstractBuild<P,R>>","boundary","performDelete","command collaborator",
"AbstractProject<PextendsAbstractProject<P,R>,RextendsAbstractBuild<P,R>>","boundary","isConcurrentBuild","get",
"AbstractProject<PextendsAbstractProject<P,R>,RextendsAbstractBuild<P,R>>","boundary","setConcurrentBuild","set",
"AbstractProject<PextendsAbstractProject<P,R>,RextendsAbstractBuild<P,R>>","boundary","getAssignedLabel","property wrapper",
"AbstractProject<PextendsAbstractProject<P,R>,RextendsAbstractBuild<P,R>>","boundary","getRelevantLabels","property non-void-command collaborator",
"AbstractProject<PextendsAbstractProject<P,R>,RextendsAbstractBuild<P,R>>","boundary","getAssignedLabelString","get property set",
"AbstractProject<PextendsAbstractProject<P,R>,RextendsAbstractBuild<P,R>>","boundary","setAssignedLabel","command collaborator",
"AbstractProject<PextendsAbstractProject<P,R>,RextendsAbstractBuild<P,R>>","boundary","setAssignedNode","command collaborator",
"AbstractProject<PextendsAbstractProject<P,R>,RextendsAbstractBuild<P,R>>","boundary","getPronoun","property wrapper",
"AbstractProject<PextendsAbstractProject<P,R>,RextendsAbstractBuild<P,R>>","boundary","getBuildNowText","property non-void-command",
"AbstractProject<PextendsAbstractProject<P,R>,RextendsAbstractBuild<P,R>>","boundary","getRootProject","get property non-void-command collaborator",
"AbstractProject<PextendsAbstractProject<P,R>,RextendsAbstractBuild<P,R>>","boundary","getWorkspace","property non-void-command collaborator",
"AbstractProject<PextendsAbstractProject<P,R>,RextendsAbstractBuild<P,R>>","boundary","getBuildForDeprecatedMethods","property non-void-command collaborator",
"AbstractProject<PextendsAbstractProject<P,R>,RextendsAbstractBuild<P,R>>","boundary","getSomeWorkspace","property non-void-command collaborator",
"AbstractProject<PextendsAbstractProject<P,R>,RextendsAbstractBuild<P,R>>","boundary","getSomeBuildWithWorkspace","property non-void-command collaborator",
"AbstractProject<PextendsAbstractProject<P,R>,RextendsAbstractBuild<P,R>>","boundary","getSomeBuildWithExistingWorkspace","property non-void-command collaborator",
"AbstractProject<PextendsAbstractProject<P,R>,RextendsAbstractBuild<P,R>>","boundary","getModuleRoot","property non-void-command collaborator",
"AbstractProject<PextendsAbstractProject<P,R>,RextendsAbstractBuild<P,R>>","boundary","getModuleRoots","property non-void-command collaborator",
"AbstractProject<PextendsAbstractProject<P,R>,RextendsAbstractBuild<P,R>>","boundary","getQuietPeriod","property non-void-command",
"AbstractProject<PextendsAbstractProject<P,R>,RextendsAbstractBuild<P,R>>","boundary","getScmCheckoutStrategy","property collaborator",
"AbstractProject<PextendsAbstractProject<P,R>,RextendsAbstractBuild<P,R>>","boundary","setScmCheckoutStrategy","set collaborator",
"AbstractProject<PextendsAbstractProject<P,R>,RextendsAbstractBuild<P,R>>","boundary","getScmCheckoutRetryCount","property non-void-command",
"AbstractProject<PextendsAbstractProject<P,R>,RextendsAbstractBuild<P,R>>","boundary","getHasCustomQuietPeriod","predicate",
"AbstractProject<PextendsAbstractProject<P,R>,RextendsAbstractBuild<P,R>>","boundary","setQuietPeriod","set",
"AbstractProject<PextendsAbstractProject<P,R>,RextendsAbstractBuild<P,R>>","boundary","hasCustomScmCheckoutRetryCount","predicate",
"AbstractProject<PextendsAbstractProject<P,R>,RextendsAbstractBuild<P,R>>","boundary","isBuildable","predicate non-void-command",
"AbstractProject<PextendsAbstractProject<P,R>,RextendsAbstractBuild<P,R>>","boundary","isConfigurable","incidental",
"AbstractProject<PextendsAbstractProject<P,R>,RextendsAbstractBuild<P,R>>","boundary","blockBuildWhenDownstreamBuilding","get",
"AbstractProject<PextendsAbstractProject<P,R>,RextendsAbstractBuild<P,R>>","boundary","setBlockBuildWhenDownstreamBuilding","set",
"AbstractProject<PextendsAbstractProject<P,R>,RextendsAbstractBuild<P,R>>","boundary","blockBuildWhenUpstreamBuilding","get",
"AbstractProject<PextendsAbstractProject<P,R>,RextendsAbstractBuild<P,R>>","boundary","setBlockBuildWhenUpstreamBuilding","set",
"AbstractProject<PextendsAbstractProject<P,R>,RextendsAbstractBuild<P,R>>","boundary","isDisabled","get",
"AbstractProject<PextendsAbstractProject<P,R>,RextendsAbstractBuild<P,R>>","boundary","setDisabled","set",
"AbstractProject<PextendsAbstractProject<P,R>,RextendsAbstractBuild<P,R>>","boundary","doCheckRetryCount","controller stateless",
"AbstractProject<PextendsAbstractProject<P,R>,RextendsAbstractBuild<P,R>>","boundary","supportsMakeDisabled","predicate",
"AbstractProject<PextendsAbstractProject<P,R>,RextendsAbstractBuild<P,R>>","boundary","disable","wrapper stateless",
"AbstractProject<PextendsAbstractProject<P,R>,RextendsAbstractBuild<P,R>>","boundary","enable","wrapper stateless",
"AbstractProject<PextendsAbstractProject<P,R>,RextendsAbstractBuild<P,R>>","boundary","getIconColor","property non-void-command collaborator",
"AbstractProject<PextendsAbstractProject<P,R>,RextendsAbstractBuild<P,R>>","boundary","updateTransientActions","set",
"AbstractProject<PextendsAbstractProject<P,R>,RextendsAbstractBuild<P,R>>","boundary","createTransientActions","non-void-command factory collaborator",
"AbstractProject<PextendsAbstractProject<P,R>,RextendsAbstractBuild<P,R>>","boundary","addProperty","command collaborator",
"AbstractProject<PextendsAbstractProject<P,R>,RextendsAbstractBuild<P,R>>","boundary","getProminentActions","property non-void-command collaborator",
"AbstractProject<PextendsAbstractProject<P,R>,RextendsAbstractBuild<P,R>>","boundary","doConfigSubmit","command collaborator",
"AbstractProject<PextendsAbstractProject<P,R>,RextendsAbstractBuild<P,R>>","boundary","scheduleBuild","predicate non-void-command collaborator",
"AbstractProject<PextendsAbstractProject<P,R>,RextendsAbstractBuild<P,R>>","boundary","scheduleBuild2","property non-void-command collaborator",
"AbstractProject<PextendsAbstractProject<P,R>,RextendsAbstractBuild<P,R>>","boundary","scheduleBuild2","property non-void-command collaborator",
"AbstractProject<PextendsAbstractProject<P,R>,RextendsAbstractBuild<P,R>>","boundary","scheduleBuild2","property non-void-command collaborator",
"AbstractProject<PextendsAbstractProject<P,R>,RextendsAbstractBuild<P,R>>","boundary","scheduleBuild2","property non-void-command collaborator",
"AbstractProject<PextendsAbstractProject<P,R>,RextendsAbstractBuild<P,R>>","boundary","scheduleBuild2","property non-void-command collaborator",
"AbstractProject<PextendsAbstractProject<P,R>,RextendsAbstractBuild<P,R>>","boundary","schedulePolling","predicate non-void-command collaborator",
"AbstractProject<PextendsAbstractProject<P,R>,RextendsAbstractBuild<P,R>>","boundary","isInQueue","predicate wrapper",
"AbstractProject<PextendsAbstractProject<P,R>,RextendsAbstractBuild<P,R>>","boundary","getQueueItem","property wrapper",
"AbstractProject<PextendsAbstractProject<P,R>,RextendsAbstractBuild<P,R>>","boundary","getJDK","property non-void-command collaborator",
"AbstractProject<PextendsAbstractProject<P,R>,RextendsAbstractBuild<P,R>>","boundary","setJDK","set collaborator",
"AbstractProject<PextendsAbstractProject<P,R>,RextendsAbstractBuild<P,R>>","boundary","getAuthToken","get collaborator",
"AbstractProject<PextendsAbstractProject<P,R>,RextendsAbstractBuild<P,R>>","boundary","_getRuns","property non-void-command collaborator",
"AbstractProject<PextendsAbstractProject<P,R>,RextendsAbstractBuild<P,R>>","boundary","removeRun","command collaborator",
"AbstractProject<PextendsAbstractProject<P,R>,RextendsAbstractBuild<P,R>>","boundary","getBuild","property non-void-command collaborator",
"AbstractProject<PextendsAbstractProject<P,R>,RextendsAbstractBuild<P,R>>","boundary","getBuildByNumber","property non-void-command collaborator",
"AbstractProject<PextendsAbstractProject<P,R>,RextendsAbstractBuild<P,R>>","boundary","getFirstBuild","property non-void-command collaborator",
"AbstractProject<PextendsAbstractProject<P,R>,RextendsAbstractBuild<P,R>>","boundary","getLastBuild","property non-void-command collaborator",
"AbstractProject<PextendsAbstractProject<P,R>,RextendsAbstractBuild<P,R>>","boundary","getNearestBuild","property non-void-command collaborator",
"AbstractProject<PextendsAbstractProject<P,R>,RextendsAbstractBuild<P,R>>","boundary","getNearestOldBuild","property non-void-command collaborator",
"AbstractProject<PextendsAbstractProject<P,R>,RextendsAbstractBuild<P,R>>","boundary","getEstimatedDurationCandidates","property non-void-command collaborator",
"AbstractProject<PextendsAbstractProject<P,R>,RextendsAbstractBuild<P,R>>","boundary","newBuild","property non-void-command collaborator",
"AbstractProject<PextendsAbstractProject<P,R>,RextendsAbstractBuild<P,R>>","boundary","loadBuild","property non-void-command collaborator",
"AbstractProject<PextendsAbstractProject<P,R>,RextendsAbstractBuild<P,R>>","boundary","getActions","property non-void-command collaborator",
"AbstractProject<PextendsAbstractProject<P,R>,RextendsAbstractBuild<P,R>>","boundary","getLastBuiltOn","property non-void-command collaborator",
"AbstractProject<PextendsAbstractProject<P,R>,RextendsAbstractBuild<P,R>>","boundary","getSameNodeConstraint","get collaborator",
"AbstractProject<PextendsAbstractProject<P,R>,RextendsAbstractBuild<P,R>>","boundary","getCauseOfBlockage","property non-void-command factory collaborator",
"AbstractProject<PextendsAbstractProject<P,R>,RextendsAbstractBuild<P,R>>","boundary","getBuildingDownstream","property non-void-command",
"AbstractProject<PextendsAbstractProject<P,R>,RextendsAbstractBuild<P,R>>","boundary","getBuildingUpstream","property non-void-command",
"AbstractProject<PextendsAbstractProject<P,R>,RextendsAbstractBuild<P,R>>","boundary","getSubTasks","factory controller",
"AbstractProject<PextendsAbstractProject<P,R>,RextendsAbstractBuild<P,R>>","boundary","createExecutable","property non-void-command factory collaborator",
"AbstractProject<PextendsAbstractProject<P,R>,RextendsAbstractBuild<P,R>>","boundary","checkAbortPermission","command",
"AbstractProject<PextendsAbstractProject<P,R>,RextendsAbstractBuild<P,R>>","boundary","hasAbortPermission","predicate non-void-command",
"AbstractProject<PextendsAbstractProject<P,R>,RextendsAbstractBuild<P,R>>","boundary","getWorkspaceResource","property non-void-command factory collaborator",
"AbstractProject<PextendsAbstractProject<P,R>,RextendsAbstractBuild<P,R>>","boundary","getResourceList","property non-void-command collaborator",
"AbstractProject<PextendsAbstractProject<P,R>,RextendsAbstractBuild<P,R>>","boundary","getResourceActivities","wrapper stateless",
"AbstractProject<PextendsAbstractProject<P,R>,RextendsAbstractBuild<P,R>>","boundary","checkout","predicate non-void-command collaborator",
"AbstractProject<PextendsAbstractProject<P,R>,RextendsAbstractBuild<P,R>>","boundary","calcPollingBaseline","set collaborator",
"AbstractProject<PextendsAbstractProject<P,R>,RextendsAbstractBuild<P,R>>","boundary","pollSCMChanges","predicate non-void-command collaborator",
"AbstractProject<PextendsAbstractProject<P,R>,RextendsAbstractBuild<P,R>>","boundary","poll","property non-void-command collaborator",
"AbstractProject<PextendsAbstractProject<P,R>,RextendsAbstractBuild<P,R>>","boundary","_poll","property non-void-command collaborator",
"AbstractProject<PextendsAbstractProject<P,R>,RextendsAbstractBuild<P,R>>","boundary","pollWithWorkspace","property non-void-command collaborator",
"AbstractProject<PextendsAbstractProject<P,R>,RextendsAbstractBuild<P,R>>","boundary","isAllSuitableNodesOffline","predicate non-void-command collaborator",
"AbstractProject<PextendsAbstractProject<P,R>,RextendsAbstractBuild<P,R>>","boundary","workspaceOffline","property non-void-command collaborator",
"AbstractProject<PextendsAbstractProject<P,R>,RextendsAbstractBuild<P,R>>","boundary","hasParticipant","predicate non-void-command collaborator",
"AbstractProject<PextendsAbstractProject<P,R>,RextendsAbstractBuild<P,R>>","boundary","getScm","get collaborator",
"AbstractProject<PextendsAbstractProject<P,R>,RextendsAbstractBuild<P,R>>","boundary","setScm","set collaborator",
"AbstractProject<PextendsAbstractProject<P,R>,RextendsAbstractBuild<P,R>>","boundary","addTrigger","command collaborator",
"AbstractProject<PextendsAbstractProject<P,R>,RextendsAbstractBuild<P,R>>","boundary","removeTrigger","command collaborator",
"AbstractProject<PextendsAbstractProject<P,R>,RextendsAbstractBuild<P,R>>","boundary","addToList","command collaborator",
"AbstractProject<PextendsAbstractProject<P,R>,RextendsAbstractBuild<P,R>>","boundary","removeFromList","command collaborator",
"AbstractProject<PextendsAbstractProject<P,R>,RextendsAbstractBuild<P,R>>","boundary","getTriggers","property non-void-command collaborator",
"AbstractProject<PextendsAbstractProject<P,R>,RextendsAbstractBuild<P,R>>","boundary","getTrigger","property non-void-command collaborator",
"AbstractProject<PextendsAbstractProject<P,R>,RextendsAbstractBuild<P,R>>","boundary","getDownstreamProjects","property wrapper",
"AbstractProject<PextendsAbstractProject<P,R>,RextendsAbstractBuild<P,R>>","boundary","getDownstreamProjectsForApi","set factory",
"AbstractProject<PextendsAbstractProject<P,R>,RextendsAbstractBuild<P,R>>","boundary","getUpstreamProjects","property wrapper",
"AbstractProject<PextendsAbstractProject<P,R>,RextendsAbstractBuild<P,R>>","boundary","getUpstreamProjectsForApi","set factory",
"AbstractProject<PextendsAbstractProject<P,R>,RextendsAbstractBuild<P,R>>","boundary","getBuildTriggerUpstreamProjects","non-void-command factory collaborator",
"AbstractProject<PextendsAbstractProject<P,R>,RextendsAbstractBuild<P,R>>","boundary","getTransitiveUpstreamProjects","property wrapper",
"AbstractProject<PextendsAbstractProject<P,R>,RextendsAbstractBuild<P,R>>","boundary","getTransitiveDownstreamProjects","property wrapper",
"AbstractProject<PextendsAbstractProject<P,R>,RextendsAbstractBuild<P,R>>","boundary","getRelationship","non-void-command factory collaborator",
"AbstractProject<PextendsAbstractProject<P,R>,RextendsAbstractBuild<P,R>>","boundary","checkAndRecord","controller stateless",
"AbstractProject<PextendsAbstractProject<P,R>,RextendsAbstractBuild<P,R>>","boundary","buildDependencyGraph","command collaborator",
"AbstractProject<PextendsAbstractProject<P,R>,RextendsAbstractBuild<P,R>>","boundary","makeSearchIndex","property non-void-command collaborator",
"AbstractProject<PextendsAbstractProject<P,R>,RextendsAbstractBuild<P,R>>","boundary","doBuild","controller stateless",
"AbstractProject<PextendsAbstractProject<P,R>,RextendsAbstractBuild<P,R>>","boundary","getDelay","property non-void-command collaborator",
"AbstractProject<PextendsAbstractProject<P,R>,RextendsAbstractBuild<P,R>>","boundary","doBuildWithParameters","controller stateless",
"AbstractProject<PextendsAbstractProject<P,R>,RextendsAbstractBuild<P,R>>","boundary","doPolling","command collaborator",
"AbstractProject<PextendsAbstractProject<P,R>,RextendsAbstractBuild<P,R>>","boundary","submit","command collaborator",
"AbstractProject<PextendsAbstractProject<P,R>,RextendsAbstractBuild<P,R>>","boundary","buildDescribable","property non-void-command collaborator",
"AbstractProject<PextendsAbstractProject<P,R>,RextendsAbstractBuild<P,R>>","boundary","buildDescribable","factory controller stateless",
"AbstractProject<PextendsAbstractProject<P,R>,RextendsAbstractBuild<P,R>>","boundary","doWs","property non-void-command factory collaborator",
"AbstractProject<PextendsAbstractProject<P,R>,RextendsAbstractBuild<P,R>>","boundary","doDoWipeOutWorkspace","property non-void-command factory collaborator",
"AbstractProject<PextendsAbstractProject<P,R>,RextendsAbstractBuild<P,R>>","boundary","getCustomWorkspace","get",
"AbstractProject<PextendsAbstractProject<P,R>,RextendsAbstractBuild<P,R>>","boundary","setCustomWorkspace","set",
"AcegiSecurityException","factory controller small-class","AcegiSecurityException","constructor",
"AcegiSecurityException","factory controller small-class","AcegiSecurityException","constructor",
"AcegiSecurityException","factory controller small-class","toSpring","property factory wrapper",
"ConsoleNote<T>","entity commander boundary","getDescriptor","wrapper stateless",
"ConsoleNote<T>","entity commander boundary","encodeTo","command collaborator",
"ConsoleNote<T>","entity commander boundary","encodeTo","command collaborator",
"ConsoleNote<T>","entity commander boundary","encodeToBytes","non-void-command factory collaborator",
"ConsoleNote<T>","entity commander boundary","encode","property non-void-command",
"Timer","empty","Timer","constructor",
"AnonymousAuthenticationToken","boundary","AnonymousAuthenticationToken","copy-constructor",
"AnonymousAuthenticationToken","boundary","AnonymousAuthenticationToken","constructor",
"AnonymousAuthenticationToken","boundary","getAuthorities","property non-void-command collaborator",
"AnonymousAuthenticationToken","boundary","getCredentials","property non-void-command collaborator",
"AnonymousAuthenticationToken","boundary","getDetails","property non-void-command collaborator",
"AnonymousAuthenticationToken","boundary","setDetails","command collaborator",
"AnonymousAuthenticationToken","boundary","getPrincipal","property non-void-command collaborator",
"AnonymousAuthenticationToken","boundary","isAuthenticated","predicate non-void-command",
"AnonymousAuthenticationToken","boundary","setAuthenticated","command",
"AnonymousAuthenticationToken","boundary","getName","property non-void-command",
"AnonymousAuthenticationToken","boundary","equals","predicate non-void-command collaborator",
"AnonymousAuthenticationToken","boundary","hashCode","property non-void-command",
"AnonymousAuthenticationToken","boundary","toString","property non-void-command",
"AnonymousAuthenticationToken","boundary","toSpring","get collaborator",
"ReverseProxySetupMonitor","entity boundary","isActivated","incidental",
"ReverseProxySetupMonitor","entity boundary","doTest","property non-void-command factory collaborator",
"ReverseProxySetupMonitor","entity boundary","getTestForReverseProxySetup","command",
"ReverseProxySetupMonitor","entity boundary","getRequiredPermission","collaborator incidental",
"ReverseProxySetupMonitor","entity boundary","doAct","property non-void-command factory collaborator",
"ReverseProxySetupMonitor","entity boundary","getDisplayName","wrapper stateless",
"InstallPluginCommand","small-class","getShortDescription","wrapper stateless",
"InstallPluginCommand","small-class","run","property controller",
"Hudson","boundary","Hudson","constructor",
"Hudson","boundary","Hudson","constructor",
"Hudson","boundary","getJobListeners","get collaborator",
"Hudson","boundary","getComputerListeners","get collaborator",
"Hudson","boundary","getSlave","property non-void-command collaborator",
"Hudson","boundary","getSlaves","property non-void-command collaborator",
"Hudson","boundary","setSlaves","command collaborator",
"Hudson","boundary","getJob","property non-void-command collaborator",
"Hudson","boundary","getJobCaseInsensitive","property non-void-command collaborator",
"Hudson","boundary","doQuietDown","command collaborator",
"Hudson","boundary","doLogRss","controller stateless",
"Hudson","boundary","doFieldCheck","command collaborator",
"Hudson","boundary","doFieldCheck","controller stateless",
"InitStrategy","boundary","listPluginArchives","non-void-command factory collaborator",
"InitStrategy","boundary","listPluginFiles","controller stateless",
"InitStrategy","boundary","getBundledPluginsFromProperty","command collaborator",
"InitStrategy","boundary","skipInitTask","collaborator incidental",
"ExecutorListener","degenerate","taskAccepted","empty",
"ExecutorListener","degenerate","taskStarted","empty",
"ExecutorListener","degenerate","taskCompleted","empty",
"ExecutorListener","degenerate","taskCompletedWithProblems","empty",
"CreateViewCommand","small-class","getShortDescription","wrapper stateless",
"CreateViewCommand","small-class","run","property controller",
"DisablePluginCommand","entity boundary","getShortDescription","wrapper stateless",
"DisablePluginCommand","entity boundary","printUsageSummary","command collaborator",
"DisablePluginCommand","entity boundary","run","property non-void-command collaborator",
"DisablePluginCommand","entity boundary","printResults","command collaborator",
"DisablePluginCommand","entity boundary","printIndented","void-accessor command",
"DisablePluginCommand","entity boundary","printResult","command collaborator",
"DisablePluginCommand","entity boundary","restartIfNecessary","command collaborator",
"DisablePluginCommand","entity boundary","restartIfNecessary","predicate non-void-command collaborator",
"DisablePluginCommand","entity boundary","getResultCode","property non-void-command collaborator",
"DisablePluginCommand","entity boundary","getResultCode","property non-void-command collaborator",
"Icon","data-provider","Icon","constructor",
"Icon","data-provider","Icon","constructor",
"Icon","data-provider","Icon","copy-constructor",
"Icon","data-provider","Icon","copy-constructor",
"Icon","data-provider","Icon","copy-constructor",
"Icon","data-provider","getClassSpec","get",
"Icon","data-provider","isSvgSprite","predicate",
"Icon","data-provider","getNormalizedSelector","get",
"Icon","data-provider","getUrl","get",
"Icon","data-provider","getQualifiedUrl","property non-void-command collaborator",
"Icon","data-provider","getQualifiedUrl","property non-void-command",
"Icon","data-provider","getStyle","get",
"FlightRecorderInputStream","unclassified","FlightRecorderInputStream","constructor",
"FlightRecorderInputStream","unclassified","clear","set",
"FlightRecorderInputStream","unclassified","getRecord","property non-void-command",
"FlightRecorderInputStream","unclassified","analyzeCrash","property non-void-command factory collaborator",
"FlightRecorderInputStream","unclassified","read","property non-void-command",
"FlightRecorderInputStream","unclassified","read","property non-void-command",
"FlightRecorderInputStream","unclassified","skip","property non-void-command",
"FlightRecorderInputStream","unclassified","available","property non-void-command",
"FlightRecorderInputStream","unclassified","close","command",
"FlightRecorderInputStream","unclassified","markSupported","incidental",
"UrlAnnotator","factory degenerate small-class","newInstance","factory collaborator stateless",
"GlobalBuildDiscarderListener","pure-controller small-class","onFinalized","controller",
"DefaultConfidentialStore","boundary","DefaultConfidentialStore","constructor",
"DefaultConfidentialStore","boundary","DefaultConfidentialStore","constructor",
"DefaultConfidentialStore","boundary","store","void-accessor command collaborator",
"DefaultConfidentialStore","boundary","load","property non-void-command collaborator",
"DefaultConfidentialStore","boundary","verifyMagic","property wrapper",
"DefaultConfidentialStore","boundary","getFileFor","property factory controller",
"DefaultConfidentialStore","boundary","secureRandom","get collaborator",
"DefaultConfidentialStore","boundary","randomBytes","property non-void-command",
"DeleteNodeCommand","small-class","getShortDescription","wrapper stateless",
"DeleteNodeCommand","small-class","run","property controller",
"BuildStep","boundary degenerate small-class","getRequiredMonitorService","collaborator incidental",
"LRUStringConverter","small-class","LRUStringConverter","constructor",
"LRUStringConverter","small-class","LRUStringConverter","constructor",
"LRUStringConverter","small-class","canConvert","controller stateless",
"LRUStringConverter","small-class","fromString","property non-void-command collaborator",
"JnlpSlaveAgentProtocol4","commander boundary degenerate","init","command collaborator",
"JnlpSlaveAgentProtocol4","commander boundary degenerate","constructPassword","wrapper stateless",
"JnlpSlaveAgentProtocol4","commander boundary degenerate","isOptIn","incidental",
"JnlpSlaveAgentProtocol4","commander boundary degenerate","getDisplayName","wrapper stateless",
"JnlpSlaveAgentProtocol4","commander boundary degenerate","getName","incidental",
"JnlpSlaveAgentProtocol4","commander boundary degenerate","handle","command collaborator",
"CreateJobCommand","entity boundary small-class","getShortDescription","wrapper stateless",
"CreateJobCommand","entity boundary small-class","run","property non-void-command collaborator",
"InstanceIdentityProvider<PUBextendsPublicKey,PRIVextendsPrivateKey>","pure-controller degenerate small-class","getPublicKey","controller stateless",
"InstanceIdentityProvider<PUBextendsPublicKey,PRIVextendsPrivateKey>","pure-controller degenerate small-class","getPrivateKey","controller stateless",
"GroupDetails","degenerate small-class","getDisplayName","wrapper stateless",
"GroupDetails","degenerate small-class","getMembers","incidental",
"FileParameterValueTest","boundary degenerate small-class","compareParamsWithSameName","wrapper stateless",
"FileParameterValueTest","boundary degenerate small-class","compareNullParams","wrapper stateless",
"BuildStepCompatibilityLayer","entity boundary","prebuild","predicate non-void-command collaborator",
"BuildStepCompatibilityLayer","entity boundary","perform","predicate non-void-command collaborator",
"BuildStepCompatibilityLayer","entity boundary","getProjectAction","property non-void-command collaborator",
"BuildStepCompatibilityLayer","entity boundary","getProjectActions","property non-void-command collaborator",
"BuildStepCompatibilityLayer","entity boundary","prebuild","collaborator incidental",
"BuildStepCompatibilityLayer","entity boundary","perform","predicate non-void-command collaborator",
"BuildStepCompatibilityLayer","entity boundary","getProjectAction","collaborator incidental",
"SetBuildDisplayNameCommand","boundary lazy-class small-class","getShortDescription","wrapper stateless",
"SetBuildDisplayNameCommand","boundary lazy-class small-class","run","property set collaborator",
"ParameterValue","boundary","ParameterValue","constructor",
"ParameterValue","boundary","ParameterValue","constructor",
"ParameterValue","boundary","getDescription","get",
"ParameterValue","boundary","setDescription","set",
"ParameterValue","boundary","getFormattedDescription","property non-void-command",
"ParameterValue","boundary","getName","get",
"ParameterValue","boundary","buildEnvVars","command",
"ParameterValue","boundary","buildEnvVars","command collaborator",
"ParameterValue","boundary","buildEnvironment","command collaborator",
"ParameterValue","boundary","createBuildWrapper","collaborator incidental",
"ParameterValue","boundary","createVariableResolver","collaborator incidental",
"ParameterValue","boundary","getDefinition","collaborator stateless",
"ParameterValue","boundary","hashCode","property wrapper",
"ParameterValue","boundary","equals","predicate controller",
"ParameterValue","boundary","getShortDescription","wrapper stateless",
"ParameterValue","boundary","isSensitive","incidental",
"ParameterValue","boundary","getValue","collaborator incidental",
"ParameterValue","boundary","getAssignedLabel","collaborator incidental",
"NoOpJob","commander data-class small-class","NoOpJob","constructor",
"NoOpJob","commander data-class small-class","run","set",
"UpdateSiteWarningsConfiguration","boundary","getCategory","wrapper stateless",
"UpdateSiteWarningsConfiguration","boundary","getIgnoredWarnings","property wrapper",
"UpdateSiteWarningsConfiguration","boundary","setIgnoredWarnings","set",
"UpdateSiteWarningsConfiguration","boundary","isIgnored","predicate non-void-command collaborator",
"UpdateSiteWarningsConfiguration","boundary","getPlugin","property non-void-command collaborator",
"UpdateSiteWarningsConfiguration","boundary","getAllWarnings","factory controller stateless",
"UpdateSiteWarningsConfiguration","boundary","getApplicableWarnings","property non-void-command collaborator",
"UpdateSiteWarningsConfiguration","boundary","configure","predicate set collaborator",
"StaplerDispatches","entity boundary degenerate","getStart","wrapper stateless",
"StaplerDispatches","entity boundary degenerate","getEnd","wrapper stateless",
"StaplerDispatches","entity boundary degenerate","getDisplayName","incidental",
"StaplerDispatches","entity boundary degenerate","createContent","property non-void-command collaborator",
"StaplerDispatches","entity boundary degenerate","buildDispatches","non-void-command factory collaborator",
"UserIdMigrator","boundary","UserIdMigrator","constructor",
"UserIdMigrator","boundary","needsMigration","predicate non-void-command collaborator",
"UserIdMigrator","boundary","listUserDirectories","property non-void-command collaborator",
"UserIdMigrator","boundary","scanExistingUsers","non-void-command factory collaborator",
"UserIdMigrator","boundary","addEmptyUsernameIfExists","controller",
"UserIdMigrator","boundary","migrateUsers","command collaborator",
"Actionable","entity minimal-entity boundary","getActions","get set factory collaborator",
"Actionable","entity minimal-entity boundary","getAllActions","property non-void-command collaborator",
"Actionable","entity minimal-entity boundary","createFor","property non-void-command collaborator",
"Actionable","entity minimal-entity boundary","getActions","property non-void-command collaborator",
"Actionable","entity minimal-entity boundary","addAction","command collaborator",
"Actionable","entity minimal-entity boundary","replaceAction","command collaborator",
"Actionable","entity minimal-entity boundary","addOrReplaceAction","predicate non-void-command collaborator",
"Actionable","entity minimal-entity boundary","removeAction","predicate non-void-command collaborator",
"Actionable","entity minimal-entity boundary","removeActions","predicate non-void-command collaborator",
"Actionable","entity minimal-entity boundary","replaceActions","predicate non-void-command collaborator",
"Actionable","entity minimal-entity boundary","getAction","property non-void-command collaborator",
"Actionable","entity minimal-entity boundary","getAction","property non-void-command collaborator",
"Actionable","entity minimal-entity boundary","getDynamic","property non-void-command collaborator",
"Actionable","entity minimal-entity boundary","doContextMenu","property factory wrapper",
"LazyBuildMixIn<JobTextendsJob<JobT,RunT>&Queue.Task&LazyBuildMixIn.LazyLoadingJob<JobT,RunT>,RunTextendsRun<JobT,RunT>&LazyBuildMixIn.LazyLoadingRun<JobT,RunT>>","boundary","LazyBuildMixIn","constructor",
"LazyBuildMixIn<JobTextendsJob<JobT,RunT>&Queue.Task&LazyBuildMixIn.LazyLoadingJob<JobT,RunT>,RunTextendsRun<JobT,RunT>&LazyBuildMixIn.LazyLoadingRun<JobT,RunT>>","boundary","getRunMap","get collaborator",
"LazyBuildMixIn<JobTextendsJob<JobT,RunT>&Queue.Task&LazyBuildMixIn.LazyLoadingJob<JobT,RunT>,RunTextendsRun<JobT,RunT>&LazyBuildMixIn.LazyLoadingRun<JobT,RunT>>","boundary","_getRuns","get non-void-command collaborator",
"LazyBuildMixIn<JobTextendsJob<JobT,RunT>&Queue.Task&LazyBuildMixIn.LazyLoadingJob<JobT,RunT>,RunTextendsRun<JobT,RunT>&LazyBuildMixIn.LazyLoadingRun<JobT,RunT>>","boundary","onCreatedFromScratch","set",
"LazyBuildMixIn<JobTextendsJob<JobT,RunT>&Queue.Task&LazyBuildMixIn.LazyLoadingJob<JobT,RunT>,RunTextendsRun<JobT,RunT>&LazyBuildMixIn.LazyLoadingRun<JobT,RunT>>","boundary","onLoad","command collaborator",
"LazyBuildMixIn<JobTextendsJob<JobT,RunT>&Queue.Task&LazyBuildMixIn.LazyLoadingJob<JobT,RunT>,RunTextendsRun<JobT,RunT>&LazyBuildMixIn.LazyLoadingRun<JobT,RunT>>","boundary","createBuildRunMap","property non-void-command factory collaborator",
"LazyBuildMixIn<JobTextendsJob<JobT,RunT>&Queue.Task&LazyBuildMixIn.LazyLoadingJob<JobT,RunT>,RunTextendsRun<JobT,RunT>&LazyBuildMixIn.LazyLoadingRun<JobT,RunT>>","boundary","loadBuild","property non-void-command collaborator",
"LazyBuildMixIn<JobTextendsJob<JobT,RunT>&Queue.Task&LazyBuildMixIn.LazyLoadingJob<JobT,RunT>,RunTextendsRun<JobT,RunT>&LazyBuildMixIn.LazyLoadingRun<JobT,RunT>>","boundary","newBuild","property non-void-command factory collaborator",
"LazyBuildMixIn<JobTextendsJob<JobT,RunT>&Queue.Task&LazyBuildMixIn.LazyLoadingJob<JobT,RunT>,RunTextendsRun<JobT,RunT>&LazyBuildMixIn.LazyLoadingRun<JobT,RunT>>","boundary","handleInvocationTargetException","controller stateless",
"LazyBuildMixIn<JobTextendsJob<JobT,RunT>&Queue.Task&LazyBuildMixIn.LazyLoadingJob<JobT,RunT>,RunTextendsRun<JobT,RunT>&LazyBuildMixIn.LazyLoadingRun<JobT,RunT>>","boundary","removeRun","command collaborator",
"LazyBuildMixIn<JobTextendsJob<JobT,RunT>&Queue.Task&LazyBuildMixIn.LazyLoadingJob<JobT,RunT>,RunTextendsRun<JobT,RunT>&LazyBuildMixIn.LazyLoadingRun<JobT,RunT>>","boundary","getBuild","property non-void-command collaborator",
"LazyBuildMixIn<JobTextendsJob<JobT,RunT>&Queue.Task&LazyBuildMixIn.LazyLoadingJob<JobT,RunT>,RunTextendsRun<JobT,RunT>&LazyBuildMixIn.LazyLoadingRun<JobT,RunT>>","boundary","getBuildByNumber","property non-void-command collaborator",
"LazyBuildMixIn<JobTextendsJob<JobT,RunT>&Queue.Task&LazyBuildMixIn.LazyLoadingJob<JobT,RunT>,RunTextendsRun<JobT,RunT>&LazyBuildMixIn.LazyLoadingRun<JobT,RunT>>","boundary","getFirstBuild","property non-void-command collaborator",
"LazyBuildMixIn<JobTextendsJob<JobT,RunT>&Queue.Task&LazyBuildMixIn.LazyLoadingJob<JobT,RunT>,RunTextendsRun<JobT,RunT>&LazyBuildMixIn.LazyLoadingRun<JobT,RunT>>","boundary","getLastBuild","property non-void-command collaborator",
"LazyBuildMixIn<JobTextendsJob<JobT,RunT>&Queue.Task&LazyBuildMixIn.LazyLoadingJob<JobT,RunT>,RunTextendsRun<JobT,RunT>&LazyBuildMixIn.LazyLoadingRun<JobT,RunT>>","boundary","getNearestBuild","property non-void-command collaborator",
"LazyBuildMixIn<JobTextendsJob<JobT,RunT>&Queue.Task&LazyBuildMixIn.LazyLoadingJob<JobT,RunT>,RunTextendsRun<JobT,RunT>&LazyBuildMixIn.LazyLoadingRun<JobT,RunT>>","boundary","getNearestOldBuild","property non-void-command collaborator",
"LazyBuildMixIn<JobTextendsJob<JobT,RunT>&Queue.Task&LazyBuildMixIn.LazyLoadingJob<JobT,RunT>,RunTextendsRun<JobT,RunT>&LazyBuildMixIn.LazyLoadingRun<JobT,RunT>>","boundary","getEstimatedDurationCandidates","non-void-command factory collaborator",
"LazyBuildMixIn<JobTextendsJob<JobT,RunT>&Queue.Task&LazyBuildMixIn.LazyLoadingJob<JobT,RunT>,RunTextendsRun<JobT,RunT>&LazyBuildMixIn.LazyLoadingRun<JobT,RunT>>","boundary","createHistoryWidget","collaborator stateless",
"PluginManager","unclassified","doCreate","controller stateless",
"PluginManager","unclassified","doCreate","controller stateless",
"PluginManager","unclassified","doCreate","controller stateless",
"PluginManager","unclassified","create","property non-void-command collaborator",
"PluginManager","unclassified","PluginManager","constructor",
"PluginManager","unclassified","getApi","property factory wrapper",
"PluginManager","unclassified","getWorkDir","get collaborator",
"PluginManager","unclassified","getOverrides","wrapper stateless",
"PluginManager","unclassified","initTasks","property non-void-command factory collaborator",
"PluginManager","unclassified","considerDetachedPlugin","command",
"CloseProofOutputStream","degenerate small-class","CloseProofOutputStream","constructor",
"CloseProofOutputStream","degenerate small-class","close","empty",
"ConverterImpl","degenerate","ConverterImpl","constructor",
"ConverterImpl","degenerate","canConvert","collaborator incidental",
"ConverterImpl","degenerate","marshal","controller stateless",
"ConverterImpl","degenerate","unmarshal","property non-void-command factory collaborator",
"CliCrumbExclusion","pure-controller degenerate small-class","process","controller stateless",
"ParserConfigurator","degenerate small-class","configure","empty",
"MarkupText","unclassified","MarkupText","constructor",
"MarkupText","unclassified","getText","get",
"MarkupText","unclassified","subText","property non-void-command factory collaborator",
"MarkupText","unclassified","addMarkup","command",
"MarkupText","unclassified","addMarkup","command",
"MarkupText","unclassified","rangeCheck","command",
"MarkupText","unclassified","toString","property non-void-command",
"MarkupText","unclassified","toString","property non-void-command",
"MarkupText","unclassified","findTokens","property non-void-command collaborator",
"MarkupText","unclassified","createSubText","factory collaborator stateless",
"SourceCodeEscapers","empty","SourceCodeEscapers","constructor",
"CronTab","boundary","CronTab","constructor",
"CronTab","boundary","CronTab","constructor",
"CronTab","boundary","CronTab","constructor",
"CronTab","boundary","CronTab","constructor",
"CronTab","boundary","CronTab","constructor",
"CronTab","boundary","set","command collaborator",
"CronTab","boundary","set","command collaborator",
"CronTab","boundary","check","predicate non-void-command collaborator",
"CronTab","boundary","ceil","property non-void-command collaborator",
"CronTab","boundary","ceil","property controller",
"CronTab","boundary","floor","property non-void-command collaborator",
"CronTab","boundary","floor","property controller",
"CronTab","boundary","set","command collaborator",
"CronTab","boundary","checkBits","incidental",
"CronTab","boundary","toString","property non-void-command",
"CronTab","boundary","toString","wrapper stateless",
"CronTab","boundary","checkSanity","property non-void-command",
"CronTab","boundary","getTimeZone","property wrapper",
"HexBinaryConverter","degenerate","canConvert","collaborator incidental",
"HexBinaryConverter","degenerate","marshal","controller stateless",
"HexBinaryConverter","degenerate","unmarshal","controller stateless",
"BasicHeaderAuthenticator","entity boundary small-class","authenticate2","property non-void-command collaborator",
"BasicHeaderAuthenticator","entity boundary small-class","authenticate","property non-void-command collaborator",
"Indenter<JextendsJob>","boundary degenerate small-class","getCss","wrapper stateless",
"Indenter<JextendsJob>","boundary degenerate small-class","getRelativeShift","wrapper stateless",
"StopBuildsCommand","entity commander boundary","getShortDescription","incidental",
"StopBuildsCommand","entity commander boundary","run","property non-void-command collaborator",
"StopBuildsCommand","entity commander boundary","stopJobBuilds","command collaborator",
"StopBuildsCommand","entity commander boundary","stopBuild","set collaborator",
"StopBuildsCommand","entity commander boundary","checkAndStopPreviousBuilds","command collaborator",
"RunRangeCommand","entity boundary small-class","run","property non-void-command collaborator",
"Plugin","boundary","Plugin","constructor",
"Plugin","boundary","setServletContext","empty",
"Plugin","boundary","getWrapper","get collaborator",
"Plugin","boundary","start","empty",
"Plugin","boundary","postInitialize","empty",
"Plugin","boundary","stop","empty",
"Plugin","boundary","configure","empty",
"Plugin","boundary","configure","command collaborator",
"Plugin","boundary","doDynamic","command collaborator",
"Plugin","boundary","load","command collaborator",
"Plugin","boundary","save","command collaborator",
"Plugin","boundary","getConfigXml","property non-void-command factory collaborator",
"Plugin","boundary","getTarget","get wrapper",
"UsernamePasswordAuthenticationToken","boundary","UsernamePasswordAuthenticationToken","copy-constructor",
"UsernamePasswordAuthenticationToken","boundary","UsernamePasswordAuthenticationToken","constructor",
"UsernamePasswordAuthenticationToken","boundary","UsernamePasswordAuthenticationToken","constructor",
"UsernamePasswordAuthenticationToken","boundary","getAuthorities","property non-void-command collaborator",
"UsernamePasswordAuthenticationToken","boundary","getCredentials","property non-void-command collaborator",
"UsernamePasswordAuthenticationToken","boundary","getDetails","property non-void-command collaborator",
"UsernamePasswordAuthenticationToken","boundary","setDetails","command collaborator",
"UsernamePasswordAuthenticationToken","boundary","getPrincipal","property non-void-command collaborator",
"UsernamePasswordAuthenticationToken","boundary","isAuthenticated","predicate non-void-command",
"UsernamePasswordAuthenticationToken","boundary","setAuthenticated","command",
"UsernamePasswordAuthenticationToken","boundary","getName","property non-void-command",
"UsernamePasswordAuthenticationToken","boundary","equals","predicate non-void-command collaborator",
"UsernamePasswordAuthenticationToken","boundary","hashCode","property non-void-command",
"UsernamePasswordAuthenticationToken","boundary","toString","property non-void-command",
"UsernamePasswordAuthenticationToken","boundary","toSpring","get collaborator",
"BuildReference<R>","boundary","BuildReference","constructor",
"BuildReference<R>","boundary","get","property controller",
"BuildReference<R>","boundary","clear","set",
"BuildReference<R>","boundary","equals","predicate non-void-command collaborator",
"BuildReference<R>","boundary","hashCode","property non-void-command",
"BuildReference<R>","boundary","toString","property non-void-command collaborator",
"ConsoleAnnotationOutputStream<T>","unclassified","ConsoleAnnotationOutputStream","constructor",
"ConsoleAnnotationOutputStream<T>","unclassified","getConsoleAnnotator","get collaborator",
"ConsoleAnnotationOutputStream<T>","unclassified","eol","void-accessor command collaborator",
"ConsoleAnnotationOutputStream<T>","unclassified","flush","command",
"ConsoleAnnotationOutputStream<T>","unclassified","close","command",
"SubTask","data-provider boundary degenerate","getAssignedLabel","collaborator incidental",
"SubTask","data-provider boundary degenerate","getLastBuiltOn","collaborator incidental",
"SubTask","data-provider boundary degenerate","getEstimatedDuration","incidental",
"SubTask","data-provider boundary degenerate","getOwnerTask","property collaborator",
"SubTask","data-provider boundary degenerate","getOwnerExecutable","collaborator incidental",
"SubTask","data-provider boundary degenerate","getSameNodeConstraint","collaborator incidental",
"ManageJenkinsAction","entity boundary degenerate","getIconFileName","wrapper stateless",
"ManageJenkinsAction","entity boundary degenerate","getDisplayName","wrapper stateless",
"ManageJenkinsAction","entity boundary degenerate","getUrlName","incidental",
"ManageJenkinsAction","entity boundary degenerate","getStaplerFallback","wrapper stateless",
"ManageJenkinsAction","entity boundary degenerate","doContextMenu","property factory wrapper",
"ManageJenkinsAction","entity boundary degenerate","addContextMenuItem","command",
"ExitLifecycle","commander boundary small-class","ExitLifecycle","constructor",
"ExitLifecycle","commander boundary small-class","restart","command collaborator",
"UpdateCenterProxy","boundary degenerate small-class","getStaplerFallback","wrapper stateless",
"ReloadJobCommand","small-class","getShortDescription","wrapper stateless",
"ReloadJobCommand","small-class","run","property non-void-command",
"StandardArtifactManager","entity boundary","StandardArtifactManager","constructor",
"StandardArtifactManager","entity boundary","onLoad","set collaborator",
"StandardArtifactManager","entity boundary","archive","command",
"StandardArtifactManager","entity boundary","delete","predicate non-void-command collaborator",
"StandardArtifactManager","entity boundary","root","property non-void-command collaborator",
"StandardArtifactManager","entity boundary","getArtifactsDir","property non-void-command collaborator",
"MetadataCache","entity boundary small-class","of","property non-void-command collaborator",
"CompressedFile","entity boundary","CompressedFile","constructor",
"CompressedFile","entity boundary","write","property wrapper",
"CompressedFile","entity boundary","read","property non-void-command factory collaborator",
"CompressedFile","entity boundary","loadAsString","property non-void-command",
"CompressedFile","entity boundary","compress","command collaborator",
"JobOptionHandler","degenerate small-class","JobOptionHandler","constructor",
"JobOptionHandler","degenerate small-class","type","collaborator incidental",
"JobOptionHandler","degenerate small-class","getDefaultMetaVariable","incidental",
"BlacklistedTypesConverter","pure-controller degenerate","marshal","controller stateless",
"BlacklistedTypesConverter","pure-controller degenerate","unmarshal","controller stateless",
"BlacklistedTypesConverter","pure-controller degenerate","canConvert","controller stateless",
"CopyOnWriteListTest","pure-controller degenerate small-class","serialization","controller stateless",
"RemoveWindowsDirectoryJunctionTest","commander boundary small-class","windowsOnly","wrapper stateless",
"RemoveWindowsDirectoryJunctionTest","commander boundary small-class","testJunctionIsRemovedButNotContents","command collaborator",
"MarkupTextTest","pure-controller degenerate","test1","controller",
"MarkupTextTest","pure-controller degenerate","boundary","controller",
"MarkupTextTest","pure-controller degenerate","findTokensOnSubText","controller stateless",
"MarkupTextTest","pure-controller degenerate","literalTextSurround","controller stateless",
"MarkupTextTest","pure-controller degenerate","adjacent","controller stateless",
"MarkupTextTest","pure-controller degenerate","escape","controller stateless",
"MarkupTextTest","pure-controller degenerate","preEscape","controller stateless",
"MarkupTextTest","pure-controller degenerate","subTextSubText","controller stateless",
"EnvVarsFilterRuleWrapper","pure-controller small-class","EnvVarsFilterRuleWrapper","constructor",
"EnvVarsFilterRuleWrapper","pure-controller small-class","filter","controller",
"ExtensionComponent<T>","entity data-provider boundary","ExtensionComponent","constructor",
"ExtensionComponent<T>","entity data-provider boundary","ExtensionComponent","constructor",
"ExtensionComponent<T>","entity data-provider boundary","ExtensionComponent","constructor",
"ExtensionComponent<T>","entity data-provider boundary","ordinal","get",
"ExtensionComponent<T>","entity data-provider boundary","getInstance","get collaborator",
"ExtensionComponent<T>","entity data-provider boundary","isDescriptorOf","predicate wrapper",
"ExtensionComponent<T>","entity data-provider boundary","compareTo","property non-void-command collaborator",
"ParameterizedJobOptionHandler","degenerate small-class","ParameterizedJobOptionHandler","constructor",
"ParameterizedJobOptionHandler","degenerate small-class","type","collaborator incidental",
"ParameterizedJobOptionHandler","degenerate small-class","getDefaultMetaVariable","incidental",
"TreeStringBuilder","entity boundary","intern","property non-void-command collaborator",
"TreeStringBuilder","entity boundary","intern","property non-void-command collaborator",
"TreeStringBuilder","entity boundary","dedup","command",
"SearchIndexBuilder","unclassified","addAllAnnotations","get controller",
"SearchIndexBuilder","unclassified","add","property non-void-command",
"SearchIndexBuilder","unclassified","add","get non-void-command",
"SearchIndexBuilder","unclassified","add","get non-void-command",
"SearchIndexBuilder","unclassified","add","get non-void-command collaborator",
"SearchIndexBuilder","unclassified","add","get non-void-command",
"SearchIndexBuilder","unclassified","add","get non-void-command",
"SearchIndexBuilder","unclassified","add","get non-void-command collaborator",
"SearchIndexBuilder","unclassified","add","property non-void-command",
"SearchIndexBuilder","unclassified","make","factory collaborator",
"TopLevelItemOptionHandler","degenerate small-class","TopLevelItemOptionHandler","constructor",
"TopLevelItemOptionHandler","degenerate small-class","type","collaborator incidental",
"TopLevelItemOptionHandler","degenerate small-class","getDefaultMetaVariable","incidental",
"RunIdMigrator","entity commander boundary","RunIdMigrator","constructor",
"RunIdMigrator","entity commander boundary","load","predicate non-void-command collaborator",
"RunIdMigrator","entity commander boundary","save","command collaborator",
"RunIdMigrator","entity commander boundary","created","command collaborator",
"RunIdMigrator","entity commander boundary","migrate","predicate non-void-command collaborator",
"RunIdMigrator","entity commander boundary","doMigrate","command collaborator",
"RunIdMigrator","entity commander boundary","findNumber","property non-void-command",
"RunIdMigrator","entity commander boundary","delete","command",
"Proc","entity boundary small-class","Proc","constructor",
"Proc","entity boundary small-class","joinWithTimeout","property non-void-command collaborator",
"ExpandableDetailsNote","controller small-class","ExpandableDetailsNote","constructor",
"ExpandableDetailsNote","controller small-class","annotate","property controller",
"UpdateSite","entity boundary","UpdateSite","constructor",
"UpdateSite","entity boundary","getId","get",
"UpdateSite","entity boundary","getDataTimestamp","get",
"UpdateSite","entity boundary","updateDirectly","property non-void-command collaborator",
"UpdateSite","entity boundary","updateDirectly","property non-void-command collaborator",
"UpdateSite","entity boundary","updateDirectlyNow","property non-void-command collaborator",
"UpdateSite","entity boundary","updateDirectlyNow","property non-void-command collaborator",
"UpdateSite","entity boundary","updateData","property non-void-command collaborator",
"UpdateSite","entity boundary","doVerifySignature","property non-void-command collaborator",
"UpdateSite","entity boundary","createInstallationJob","property wrapper",
"UpdateSite","entity boundary","verifySignatureInternal","property non-void-command collaborator",
"UpdateSite","entity boundary","getJsonSignatureValidator","property non-void-command collaborator",
"UpdateSite","entity boundary","getJsonSignatureValidator","property factory collaborator",
"UpdateSite","entity boundary","isDue","predicate non-void-command",
"UpdateSite","entity boundary","doInvalidateData","property non-void-command collaborator",
"UpdateSite","entity boundary","getData","get set factory collaborator",
"UpdateSite","entity boundary","hasUnparsedData","predicate non-void-command",
"UpdateSite","entity boundary","getJSONObject","property non-void-command collaborator",
"UpdateSite","entity boundary","getAvailables","property non-void-command factory collaborator",
"UpdateSite","entity boundary","getPlugin","property non-void-command collaborator",
"UpdateSite","entity boundary","getApi","property factory collaborator",
"UpdateSite","entity boundary","getConnectionCheckUrl","property non-void-command collaborator",
"UpdateSite","entity boundary","getDataFile","property non-void-command factory collaborator",
"UpdateSite","entity boundary","getUpdates","property non-void-command factory collaborator",
"UpdateSite","entity boundary","hasUpdates","predicate non-void-command collaborator",
"UpdateSite","entity boundary","getUrl","get",
"UpdateSite","entity boundary","getSuggestedPluginsUrl","property non-void-command",
"UpdateSite","entity boundary","getMetadataUrlForDownloadable","property non-void-command",
"UpdateSite","entity boundary","getDownloadUrl","get",
"UpdateSite","entity boundary","isLegacyDefault","incidental",
"MemoryUsageMonitor","commander small-class","MemoryUsageMonitor","constructor",
"MemoryUsageMonitor","commander small-class","getRecurrencePeriod","wrapper stateless",
"MemoryUsageMonitor","commander small-class","doRun","command",
"SymbolTest","boundary","getSymbol","wrapper",
"SymbolTest","boundary","htmlTooltipOverridesTooltip","wrapper",
"SymbolTest","boundary","invalidRawString","wrapper stateless",
"SymbolTest","boundary","rawStringCore","controller stateless",
"SymbolTest","boundary","rawStringPlugin","controller stateless",
"SymbolTest","boundary","getSymbol_cachedSymbolDoesntReturnAttributes","wrapper",
"SymbolTest","boundary","getSymbol_cachedSymbolAllowsSettingAllAttributes","wrapper",
"SymbolTest","boundary","getSymbol_notSettingTooltipDoesntAddTooltipAttribute","wrapper",
"SymbolTest","boundary","missingSymbolDefaultsToPlaceholder","wrapper",
"SymbolTest","boundary","getSymbol_notSettingTooltipDoesntAddTooltipAttribute_evenWithAmpersand","controller",
"SymbolTest","boundary","getSymbol_idInSymbolIsPresent","wrapper stateless",
"SecurityContextExecutorService","factory pure-controller degenerate small-class","SecurityContextExecutorService","constructor",
"SecurityContextExecutorService","factory pure-controller degenerate small-class","wrap","factory controller stateless",
"SecurityContextExecutorService","factory pure-controller degenerate small-class","wrap","factory controller stateless",
"GrantedAuthorityTest","boundary degenerate small-class","authenticated","wrapper stateless",
"GlobalCrumbIssuerConfiguration","degenerate","getCategory","wrapper stateless",
"GlobalCrumbIssuerConfiguration","degenerate","configure","controller stateless",
"GlobalCrumbIssuerConfiguration","degenerate","getCrumbIssuer","property non-void-command collaborator",
"JenkinsLocationConfigurationTest","commander","setUp","set collaborator",
"JenkinsLocationConfigurationTest","commander","setAdminEmail","command",
"JenkinsLocationConfigurationTest","commander","resetAdminEmail","command",
"CustomClassFilter","boundary degenerate small-class","permits","collaborator incidental",
"CustomClassFilter","boundary degenerate small-class","permits","collaborator incidental",
"WorkUnit","entity minimal-entity boundary","WorkUnit","copy-constructor",
"WorkUnit","entity minimal-entity boundary","getExecutor","get collaborator",
"WorkUnit","entity minimal-entity boundary","setExecutor","set collaborator",
"WorkUnit","entity minimal-entity boundary","getExecutable","get collaborator",
"WorkUnit","entity minimal-entity boundary","setExecutable","set collaborator",
"WorkUnit","entity minimal-entity boundary","isMainWork","get",
"WorkUnit","entity minimal-entity boundary","toString","property non-void-command",
"AdministrativeMonitorsConfiguration","entity boundary small-class","configure","predicate non-void-command collaborator",
"TooManyJobsButNoView","boundary","getDisplayName","wrapper stateless",
"TooManyJobsButNoView","boundary","isActivated","predicate controller",
"TooManyJobsButNoView","boundary","doAct","command collaborator",
"TooManyJobsButNoView","boundary","getRequiredPermission","collaborator incidental",
"TaskMethodFinder<TextendsAnnotation>","boundary","TaskMethodFinder","constructor",
"TaskMethodFinder<TextendsAnnotation>","boundary","discoverTasks","non-void-command factory collaborator",
"TaskMethodFinder<TextendsAnnotation>","boundary","filter","predicate non-void-command collaborator",
"TaskMethodFinder<TextendsAnnotation>","boundary","getDisplayNameOf","property non-void-command collaborator",
"TaskMethodFinder<TextendsAnnotation>","boundary","invoke","command collaborator",
"TaskMethodFinder<TextendsAnnotation>","boundary","lookUp","controller stateless",
"FailedPlugin","data-provider boundary small-class","FailedPlugin","constructor",
"FailedPlugin","data-provider boundary small-class","FailedPlugin","constructor",
"FailedPlugin","data-provider boundary small-class","getExceptionString","property wrapper",
"LoadStatistics","boundary","LoadStatistics","constructor",
"LoadStatistics","boundary","getLatestIdleExecutors","property non-void-command collaborator",
"LoadStatistics","boundary","createChart","property non-void-command collaborator",
"LoadStatistics","boundary","configureRenderer","controller stateless",
"LoadStatistics","boundary","createTrendChart","property wrapper",
"LoadStatistics","boundary","doGraph","property non-void-command collaborator",
"LoadStatistics","boundary","getApi","property factory collaborator",
"LoadStatistics","boundary","updateExecutorCounts","command",
"LoadStatistics","boundary","updateCounts","command collaborator",
"LoadStatistics","boundary","computeSnapshot","property non-void-command factory collaborator",
"LoadStatistics","boundary","computeSnapshot","controller stateless",
"WeakLogHandler","entity commander boundary","WeakLogHandler","constructor",
"WeakLogHandler","entity commander boundary","publish","command collaborator",
"WeakLogHandler","entity commander boundary","flush","command collaborator",
"WeakLogHandler","entity commander boundary","close","command collaborator",
"WeakLogHandler","entity commander boundary","resolve","property non-void-command collaborator",
"WeakLogHandler","entity commander boundary","setFormatter","command collaborator",
"WeakLogHandler","entity commander boundary","setEncoding","command collaborator",
"WeakLogHandler","entity commander boundary","setFilter","command collaborator",
"WeakLogHandler","entity commander boundary","setErrorManager","command collaborator",
"WeakLogHandler","entity commander boundary","setLevel","command collaborator",
"WeakLogHandler","entity commander boundary","isLoggable","predicate non-void-command collaborator",
"DiskSpaceMonitorDescriptor","entity boundary small-class","monitor","property non-void-command collaborator",
"DiskSpaceMonitorDescriptor","entity boundary small-class","markNodeOfflineOrOnline","command collaborator",
"DataAccessException","factory controller small-class","DataAccessException","constructor",
"DataAccessException","factory controller small-class","DataAccessException","constructor",
"DataAccessException","factory controller small-class","toSpring","property factory wrapper",
"EnvVarsFilterableBuilder","boundary degenerate small-class","buildEnvVarsFilterRules","wrapper stateless",
"ItemVisitor","commander boundary","onItemGroup","command collaborator",
"ItemVisitor","commander boundary","onItem","command collaborator",
"ItemVisitor","commander boundary","walk","command",
"QueueItemAuthenticator","entity boundary","authenticate2","property non-void-command collaborator",
"QueueItemAuthenticator","entity boundary","authenticate2","property non-void-command collaborator",
"QueueItemAuthenticator","entity boundary","authenticate","property non-void-command collaborator",
"QueueItemAuthenticator","entity boundary","authenticate","property non-void-command collaborator",
"QueueItemAuthenticator","entity boundary","getDescriptor","property non-void-command collaborator",
"ThreadDumpSlaveInfo","boundary degenerate small-class","getDisplayName","wrapper stateless",
"PlainCLIProtocolTest","pure-controller degenerate small-class","ignoreUnknownOperations","controller stateless",
"RestartNotSupportedException","empty","RestartNotSupportedException","constructor",
"RestartNotSupportedException","empty","RestartNotSupportedException","constructor",
"MappingWorksheet","entity boundary small-class","MappingWorksheet","constructor",
"MappingWorksheet","entity boundary small-class","MappingWorksheet","constructor",
"MappingWorksheet","entity boundary small-class","works","property non-void-command collaborator",
"MappingWorksheet","entity boundary small-class","executors","property non-void-command collaborator",
"Widget","degenerate","getUrlName","wrapper stateless",
"Widget","degenerate","getOwnerUrl","incidental",
"Widget","degenerate","getUrl","property non-void-command",
"JobProperty<JextendsJob<?,?>>","entity boundary degenerate","setOwner","set collaborator",
"JobProperty<JextendsJob<?,?>>","entity boundary degenerate","getDescriptor","wrapper stateless",
"JobProperty<JextendsJob<?,?>>","entity boundary degenerate","getJobAction","collaborator incidental",
"JobProperty<JextendsJob<?,?>>","entity boundary degenerate","getJobActions","property non-void-command collaborator",
"JobProperty<JextendsJob<?,?>>","entity boundary degenerate","prebuild","collaborator incidental",
"JobProperty<JextendsJob<?,?>>","entity boundary degenerate","perform","collaborator incidental",
"JobProperty<JextendsJob<?,?>>","entity boundary degenerate","getRequiredMonitorService","collaborator incidental",
"JobProperty<JextendsJob<?,?>>","entity boundary degenerate","getProjectAction","property non-void-command collaborator",
"JobProperty<JextendsJob<?,?>>","entity boundary degenerate","getProjectActions","property non-void-command collaborator",
"JobProperty<JextendsJob<?,?>>","entity boundary degenerate","getJobOverrides","wrapper stateless",
"JobProperty<JextendsJob<?,?>>","entity boundary degenerate","reconfigure","property non-void-command collaborator",
"JobProperty<JextendsJob<?,?>>","entity boundary degenerate","getSubTasks","wrapper stateless",
"InstallSourceProperty","commander boundary small-class","InstallSourceProperty","constructor",
"InstallSourceProperty","commander boundary small-class","setTool","command collaborator",
"InstallSourceProperty","commander boundary small-class","type","collaborator incidental",
"SystemLogLink","boundary degenerate","getIconFileName","incidental",
"SystemLogLink","boundary degenerate","getDisplayName","wrapper stateless",
"SystemLogLink","boundary degenerate","getDescription","wrapper stateless",
"SystemLogLink","boundary degenerate","getUrlName","incidental",
"SystemLogLink","boundary degenerate","getRequiredPermission","collaborator incidental",
"SystemLogLink","boundary degenerate","getCategory","collaborator incidental",
"SolarisSMFLifecycle","commander boundary small-class","restart","command collaborator",
"CloneableCLICommand","boundary degenerate small-class","createClone","wrapper stateless",
"UpdateNodeCommand","small-class","getShortDescription","wrapper stateless",
"UpdateNodeCommand","small-class","run","property non-void-command",
"OptionalPermissions","boundary degenerate","getDisplayName","incidental",
"OptionalPermissions","boundary degenerate","getStart","wrapper stateless",
"OptionalPermissions","boundary degenerate","getEnd","wrapper stateless",
"OptionalPermissions","boundary degenerate","createContent","non-void-command factory collaborator",
"Permission","unclassified","Permission","copy-constructor",
"Permission","unclassified","Permission","copy-constructor",
"Permission","unclassified","Permission","copy-constructor",
"Permission","unclassified","Permission","copy-constructor",
"Permission","unclassified","Permission","copy-constructor",
"Permission","unclassified","Permission","copy-constructor",
"Permission","unclassified","isContainedBy","predicate controller",
"Permission","unclassified","getId","get property non-void-command",
"Permission","unclassified","equals","predicate non-void-command collaborator",
"Permission","unclassified","hashCode","property non-void-command",
"Permission","unclassified","toString","property",
"Permission","unclassified","setEnabled","set",
"Permission","unclassified","getEnabled","get",
"FutureImpl","entity boundary","FutureImpl","constructor",
"FutureImpl","entity boundary","getStartCondition","get collaborator",
"FutureImpl","entity boundary","waitForStart","property non-void-command collaborator",
"FutureImpl","entity boundary","cancel","predicate non-void-command collaborator",
"FutureImpl","entity boundary","setAsCancelled","command",
"FutureImpl","entity boundary","addExecutor","command collaborator",
"FutureImpl","entity boundary","finished","command",
"LogRecorderManager","boundary","LogRecorderManager","constructor",
"LogRecorderManager","boundary","getRecorders","get collaborator",
"LogRecorderManager","boundary","setRecorders","set collaborator",
"LogRecorderManager","boundary","getDisplayName","wrapper stateless",
"LogRecorderManager","boundary","getSearchUrl","incidental",
"LogRecorderManager","boundary","getDynamic","property non-void-command collaborator",
"LogRecorderManager","boundary","getLogRecorder","property non-void-command collaborator",
"LogRecorderManager","boundary","load","command collaborator",
"LogRecorderManager","boundary","doNewLogRecorder","property non-void-command factory collaborator",
"LogRecorderManager","boundary","doCheckNewName","wrapper stateless",
"LogRecorderManager","boundary","doChildrenContextMenu","factory controller",
"LogRecorderManager","boundary","doConfigLogger","factory controller stateless",
"LogRecorderManager","boundary","doRss","wrapper stateless",
"LogRecorderManager","boundary","getTarget","get wrapper",
"AsynchronousExecution","commander boundary data-class","AsynchronousExecution","constructor",
"AsynchronousExecution","commander boundary data-class","getExecutor","get collaborator",
"AsynchronousExecution","commander boundary data-class","setExecutorWithoutCompleting","set collaborator",
"AsynchronousExecution","commander boundary data-class","maybeComplete","set",
"AsynchronousExecution","commander boundary data-class","completed","set collaborator",
"ExceptionCatchingThreadFactory","entity boundary small-class","ExceptionCatchingThreadFactory","constructor",
"ExceptionCatchingThreadFactory","entity boundary small-class","ExceptionCatchingThreadFactory","constructor",
"ExceptionCatchingThreadFactory","entity boundary small-class","newThread","property non-void-command collaborator",
"ExceptionCatchingThreadFactory","entity boundary small-class","uncaughtException","command collaborator",
"BuildAuthorizationToken","data-provider data-class small-class","BuildAuthorizationToken","constructor",
"BuildAuthorizationToken","data-provider data-class small-class","getToken","get",
"NullStream","degenerate","NullStream","constructor",
"NullStream","degenerate","write","empty",
"NullStream","degenerate","write","empty",
"NullStream","degenerate","write","empty",
"Build<PextendsProject<P,B>,BextendsBuild<P,B>>","small-class","Build","constructor",
"Build<PextendsProject<P,B>,BextendsBuild<P,B>>","small-class","Build","constructor",
"Build<PextendsProject<P,B>,BextendsBuild<P,B>>","small-class","Build","constructor",
"Build<PextendsProject<P,B>,BextendsBuild<P,B>>","small-class","run","command",
"Build<PextendsProject<P,B>,BextendsBuild<P,B>>","small-class","createRunner","factory collaborator stateless",
"SystemdLifecycle","commander","onReady","command",
"SystemdLifecycle","commander","onReload","command",
"SystemdLifecycle","commander","onStop","command",
"SystemdLifecycle","commander","onExtendTimeout","command collaborator",
"SystemdLifecycle","commander","onStatusUpdate","command",
"TimeZoneProperty","data-class small-class","TimeZoneProperty","constructor",
"TimeZoneProperty","data-class small-class","TimeZoneProperty","constructor",
"TimeZoneProperty","data-class small-class","setTimeZoneName","set",
"TimeZoneProperty","data-class small-class","getTimeZoneName","get",
"NodeOptionHandler","pure-controller degenerate small-class","NodeOptionHandler","constructor",
"NodeOptionHandler","pure-controller degenerate small-class","parseArguments","controller stateless",
"NodeOptionHandler","pure-controller degenerate small-class","getDefaultMetaVariable","incidental",
"UnixLifecycle","commander small-class","UnixLifecycle","constructor",
"UnixLifecycle","commander small-class","restart","command",
"UnixLifecycle","commander small-class","verifyRestartable","wrapper stateless",
"ComputerSet","boundary","getDisplayName","wrapper stateless",
"ComputerSet","boundary","get_all","wrapper stateless",
"ComputerSet","boundary","doChildrenContextMenu","non-void-command factory collaborator",
"ComputerSet","boundary","getNodeMonitorDescriptors","wrapper stateless",
"ComputerSet","boundary","get_slaveNames","controller stateless",
"ComputerSet","boundary","getTotalExecutors","property non-void-command collaborator",
"ComputerSet","boundary","getBusyExecutors","property non-void-command collaborator",
"ComputerSet","boundary","getIdleExecutors","property non-void-command collaborator",
"ComputerSet","boundary","getSearchUrl","incidental",
"ComputerSet","boundary","getDynamic","wrapper stateless",
"ComputerSet","boundary","do_launchAll","command collaborator",
"ComputerSet","boundary","doUpdateNow","controller stateless",
"ComputerSet","boundary","doCreateItem","command collaborator",
"ComputerSet","boundary","doDoCreateItem","command collaborator",
"ComputerSet","boundary","checkName","controller stateless",
"ComputerSet","boundary","doCheckName","property non-void-command collaborator",
"ComputerSet","boundary","doConfigSubmit","property non-void-command collaborator",
"ComputerSet","boundary","getApi","property factory collaborator",
"ComputerSet","boundary","getDescriptor","wrapper stateless",
"ListPluginsCommand","degenerate","getShortDescription","wrapper stateless",
"ListPluginsCommand","degenerate","run","property non-void-command collaborator",
"ListPluginsCommand","degenerate","printPlugin","controller stateless",
"Publisher","boundary degenerate","Publisher","constructor",
"Publisher","boundary degenerate","prebuild","collaborator incidental",
"Publisher","boundary degenerate","getProjectAction","collaborator incidental",
"Publisher","boundary degenerate","needsToRunAfterFinalized","incidental",
"Publisher","boundary degenerate","getDescriptor","wrapper stateless",
"EditDistance","unclassified","EditDistance","constructor",
"EditDistance","unclassified","flip","command",
"EditDistance","unclassified","min","wrapper stateless",
"EditDistance","unclassified","calc","get non-void-command",
"AbstractCIBase","boundary","getNodeName","incidental",
"AbstractCIBase","boundary","getUrl","incidental",
"AbstractCIBase","boundary","resetLabel","controller stateless",
"AbstractCIBase","boundary","setViewOwner","void-accessor collaborator",
"AbstractCIBase","boundary","interruptReloadThread","wrapper stateless",
"AbstractCIBase","boundary","killComputer","controller stateless",
"AbstractCIBase","boundary","getDisabledAdministrativeMonitors","property",
"AbstractCIBase","boundary","setDisabledAdministrativeMonitors","command",
"AbstractCIBase","boundary","updateComputer","command collaborator",
"AbstractCIBase","boundary","createNewComputerForNode","property non-void-command collaborator",
"AbstractCIBase","boundary","removeComputer","controller stateless",
"AbstractCIBase","boundary","getComputer","controller stateless",
"AbstractCIBase","boundary","updateNewComputer","command",
"AbstractCIBase","boundary","updateComputerList","command collaborator",
"Lookup","entity boundary","get","property non-void-command collaborator",
"Lookup","entity boundary","set","property non-void-command collaborator",
"Lookup","entity boundary","setIfNull","property non-void-command collaborator",
"AbstractModelObject","unclassified","sendError","command collaborator",
"AbstractModelObject","unclassified","sendError","command collaborator",
"AbstractModelObject","unclassified","sendError","controller",
"AbstractModelObject","unclassified","sendError","controller",
"AbstractModelObject","unclassified","sendError","command",
"AbstractModelObject","unclassified","requirePOST","controller stateless",
"AbstractModelObject","unclassified","makeSearchIndex","property factory wrapper",
"AbstractModelObject","unclassified","getSearchIndex","property non-void-command collaborator",
"AbstractModelObject","unclassified","getSearch","property factory controller",
"AbstractModelObject","unclassified","getSearchName","wrapper stateless",
"RestartListener","degenerate small-class","onRestart","empty",
"CompoundEnumeration<T>","small-class","CompoundEnumeration","constructor",
"CompoundEnumeration<T>","small-class","CompoundEnumeration","constructor",
"CompoundEnumeration<T>","small-class","hasMoreElements","predicate non-void-command",
"CompoundEnumeration<T>","small-class","nextElement","property non-void-command collaborator",
"RestartJenkinsJob","small-class","cancel","predicate set",
"RestartJenkinsJob","small-class","RestartJenkinsJob","constructor",
"RestartJenkinsJob","small-class","run","command",
"EnvironmentList","boundary","EnvironmentList","constructor",
"EnvironmentList","boundary","get","property non-void-command collaborator",
"EnvironmentList","boundary","size","property non-void-command",
"EnvironmentList","boundary","get","property controller",
"EnvironmentList","boundary","set","property non-void-command collaborator",
"EnvironmentList","boundary","add","command collaborator",
"EnvironmentList","boundary","remove","property non-void-command collaborator",
"CronTabList","controller","CronTabList","constructor",
"CronTabList","controller","check","predicate controller",
"CronTabList","controller","checkSanity","property controller",
"CronTabList","controller","previous","property controller",
"CronTabList","controller","next","property controller",
"LoadStatisticsTest","degenerate small-class","graph","controller stateless",
"LoadStatisticsTest","degenerate small-class","isModernWorks","wrapper stateless",
"OfflineCause","small-class","getTimestamp","get",
"OfflineCause","small-class","getTime","property factory collaborator",
"QueueSorter","pure-controller small-class","sortBlockedItems","controller",
"RunnerStack","entity commander boundary","push","command collaborator",
"RunnerStack","entity commander boundary","pop","command collaborator",
"RunnerStack","entity commander boundary","peek","property non-void-command collaborator",
"AsyncAperiodicWork","commander boundary small-class","AsyncAperiodicWork","constructor",
"AsyncAperiodicWork","commander boundary small-class","doAperiodicRun","command collaborator",
"DownloadService","pure-controller degenerate small-class","generateFragment","incidental",
"DownloadService","pure-controller degenerate small-class","getById","controller stateless",
"DescriptorVisibilityFilter","boundary degenerate small-class","filterType","collaborator incidental",
"AbstractLazyLoadRunMap<R>","boundary","keySet","property non-void-command",
"AbstractLazyLoadRunMap<R>","boundary","values","property non-void-command factory collaborator",
"AbstractLazyLoadRunMap<R>","boundary","AbstractLazyLoadRunMap","constructor",
"AbstractLazyLoadRunMap<R>","boundary","initBaseDir","set collaborator",
"AbstractLazyLoadRunMap<R>","boundary","baseDirInitialized","predicate",
"AbstractLazyLoadRunMap<R>","boundary","updateBaseDir","set collaborator",
"AbstractLazyLoadRunMap<R>","boundary","purgeCache","command",
"AbstractLazyLoadRunMap<R>","boundary","loadNumberOnDisk","command",
"AbstractLazyLoadRunMap<R>","boundary","allowLoad","incidental",
"AbstractLazyLoadRunMap<R>","boundary","recognizeNumber","command collaborator",
"AbstractLazyLoadRunMap<R>","boundary","comparator","wrapper stateless",
"AbstractLazyLoadRunMap<R>","boundary","isEmpty","predicate non-void-command",
"AbstractLazyLoadRunMap<R>","boundary","entrySet","get non-void-command collaborator",
"AbstractLazyLoadRunMap<R>","boundary","getLoadedBuilds","property wrapper",
"AbstractLazyLoadRunMap<R>","boundary","subMap","get property non-void-command collaborator",
"AbstractLazyLoadRunMap<R>","boundary","headMap","property non-void-command collaborator",
"AbstractLazyLoadRunMap<R>","boundary","tailMap","property non-void-command collaborator",
"AbstractLazyLoadRunMap<R>","boundary","firstKey","property non-void-command collaborator",
"AbstractLazyLoadRunMap<R>","boundary","lastKey","property non-void-command collaborator",
"AbstractLazyLoadRunMap<R>","boundary","newestBuild","property non-void-command collaborator",
"AbstractLazyLoadRunMap<R>","boundary","oldestBuild","property non-void-command collaborator",
"AbstractLazyLoadRunMap<R>","boundary","get","property non-void-command collaborator",
"AbstractLazyLoadRunMap<R>","boundary","get","property non-void-command collaborator",
"AbstractLazyLoadRunMap<R>","boundary","runExists","predicate non-void-command",
"AbstractLazyLoadRunMap<R>","boundary","search","property non-void-command collaborator",
"AbstractLazyLoadRunMap<R>","boundary","getById","property non-void-command collaborator",
"AbstractLazyLoadRunMap<R>","boundary","getByNumber","property non-void-command collaborator",
"AbstractLazyLoadRunMap<R>","boundary","maxNumberOnDisk","property non-void-command",
"AbstractLazyLoadRunMap<R>","boundary","proposeNewNumber","command",
"AbstractLazyLoadRunMap<R>","boundary","put","property non-void-command collaborator",
"AbstractLazyLoadRunMap<R>","boundary","_put","property non-void-command collaborator",
"AbstractLazyLoadRunMap<R>","boundary","put","property non-void-command collaborator",
"AbstractLazyLoadRunMap<R>","boundary","unwrap","controller stateless",
"AbstractLazyLoadRunMap<R>","boundary","putAll","command collaborator",
"AbstractLazyLoadRunMap<R>","boundary","all","get non-void-command collaborator",
"AbstractLazyLoadRunMap<R>","boundary","copy","property factory collaborator",
"AbstractLazyLoadRunMap<R>","boundary","load","property controller",
"AbstractLazyLoadRunMap<R>","boundary","load","property non-void-command collaborator",
"AbstractLazyLoadRunMap<R>","boundary","getIdOf","wrapper stateless",
"AbstractLazyLoadRunMap<R>","boundary","createReference","property non-void-command factory collaborator",
"AbstractLazyLoadRunMap<R>","boundary","removeValue","predicate non-void-command collaborator",
"AbstractLazyLoadRunMap<R>","boundary","reset","set collaborator",
"AbstractLazyLoadRunMap<R>","boundary","hashCode","property wrapper",
"AbstractLazyLoadRunMap<R>","boundary","equals","predicate collaborator",
"BuildableItem","small-class","scheduleBuild","predicate non-void-command",
"BuildableItem","small-class","scheduleBuild","wrapper stateless",
"UpdateCenter","boundary","UpdateCenter","constructor",
"UpdateCenter","boundary","UpdateCenter","copy-constructor",
"UpdateCenter","boundary","getApi","property factory collaborator",
"UpdateCenter","boundary","configure","set collaborator",
"UpdateCenter","boundary","getJobs","property factory collaborator",
"UpdateCenter","boundary","getJob","property collaborator",
"UpdateCenter","boundary","getJob","property non-void-command collaborator",
"UpdateCenter","boundary","getBadge","property non-void-command factory collaborator",
"UpdateCenter","boundary","doConnectionStatus","property non-void-command collaborator",
"UpdateCenter","boundary","doIncompleteInstallStatus","wrapper stateless",
"UpdateCenter","boundary","persistInstallStatus","command collaborator",
"UpdateCenter","boundary","doInstallStatus","property non-void-command collaborator",
"UpdateCenter","boundary","getHudsonJob","property non-void-command collaborator",
"UpdateCenter","boundary","getSites","get collaborator",
"UpdateCenter","boundary","isSiteDataReady","predicate non-void-command",
"UpdateCenter","boundary","getSiteList","property non-void-command collaborator",
"UpdateCenter","boundary","getSite","property non-void-command collaborator",
"UpdateCenter","boundary","getLastUpdatedString","property controller",
"UpdateCenter","boundary","getById","property controller",
"UpdateCenter","boundary","getCoreSource","property controller",
"UpdateCenter","boundary","getDefaultBaseUrl","property non-void-command",
"UpdateCenter","boundary","getPlugin","property controller",
"UpdateCenter","boundary","getPlugin","property non-void-command collaborator",
"UpdateCenter","boundary","getPluginFromAllSites","non-void-command factory collaborator",
"UpdateCenter","boundary","checkMinVersion","controller stateless",
"UpdateCenter","boundary","doUpgrade","command collaborator",
"UpdateCenter","boundary","doInvalidateData","property controller",
"UpdateCenter","boundary","doSafeRestart","command collaborator",
"UpdateCenter","boundary","doCancelRestart","command collaborator",
"UpdateCenter","boundary","isRestartRequiredForCompletion","get",
"UpdateCenter","boundary","isRestartScheduled","predicate non-void-command collaborator",
"UpdateCenter","boundary","isDowngradable","wrapper stateless",
"UpdateCenter","boundary","doDowngrade","command collaborator",
"UpdateCenter","boundary","doRestart","command collaborator",
"UpdateCenter","boundary","getBackupVersion","property non-void-command",
"UpdateCenter","boundary","addJob","property non-void-command collaborator",
"UpdateCenter","boundary","addConnectionCheckJob","property non-void-command collaborator",
"UpdateCenter","boundary","newConnectionCheckJob","factory collaborator stateless",
"UpdateCenter","boundary","getConnectionCheckJob","property non-void-command collaborator",
"UpdateCenter","boundary","getConnectionCheckJob","property controller",
"UpdateCenter","boundary","getDisplayName","wrapper stateless",
"UpdateCenter","boundary","getSearchUrl","incidental",
"UpdateCenter","boundary","save","command",
"UpdateCenter","boundary","load","command collaborator",
"UpdateCenter","boundary","createDefaultUpdateSite","property non-void-command factory collaborator",
"UpdateCenter","boundary","getConfigFile","factory wrapper stateless",
"UpdateCenter","boundary","getAvailables","property factory controller",
"UpdateCenter","boundary","getCategorizedAvailables","property non-void-command collaborator",
"UpdateCenter","boundary","getUpdates","controller",
"TextParameterDefinition","entity boundary","TextParameterDefinition","constructor",
"TextParameterDefinition","entity boundary","TextParameterDefinition","constructor",
"TextParameterDefinition","entity boundary","getDefaultParameterValue","property non-void-command factory collaborator",
"TextParameterDefinition","entity boundary","createValue","property non-void-command collaborator",
"TextParameterDefinition","entity boundary","createValue","property non-void-command factory collaborator",
"TextParameterDefinition","entity boundary","hashCode","property non-void-command",
"TextParameterDefinition","entity boundary","equals","predicate non-void-command collaborator",
"CheckPoint","data-provider boundary","CheckPoint","constructor",
"CheckPoint","data-provider boundary","CheckPoint","constructor",
"CheckPoint","data-provider boundary","equals","get predicate controller",
"CheckPoint","data-provider boundary","hashCode","property non-void-command",
"CheckPoint","data-provider boundary","toString","property",
"CheckPoint","data-provider boundary","report","wrapper",
"CheckPoint","data-provider boundary","block","wrapper",
"CheckPoint","data-provider boundary","block","wrapper",
"AutoCompletionCandidates","unclassified","add","get non-void-command",
"AutoCompletionCandidates","unclassified","add","get non-void-command",
"AutoCompletionCandidates","unclassified","getValues","get",
"AutoCompletionCandidates","unclassified","generateResponse","controller",
"DependencyGraph","boundary","DependencyGraph","constructor",
"DependencyGraph","boundary","build","command collaborator",
"DependencyGraph","boundary","topologicalDagSort","command collaborator",
"DependencyGraph","boundary","DependencyGraph","constructor",
"DependencyGraph","boundary","putComputationalData","command collaborator",
"DependencyGraph","boundary","getComputationalData","property non-void-command collaborator",
"DependencyGraph","boundary","getDownstream","property non-void-command collaborator",
"DependencyGraph","boundary","getUpstream","property non-void-command collaborator",
"DependencyGraph","boundary","get","factory controller stateless",
"DependencyGraph","boundary","getDownstreamDependencies","property non-void-command collaborator",
"DependencyGraph","boundary","getUpstreamDependencies","property non-void-command collaborator",
"DependencyGraph","boundary","get","controller stateless",
"DependencyGraph","boundary","addDependency","command collaborator",
"DependencyGraph","boundary","addDependency","command collaborator",
"DependencyGraph","boundary","addDependency","command collaborator",
"DependencyGraph","boundary","addDependency","command collaborator",
"DependencyGraph","boundary","addDependencyDeclarers","controller",
"DependencyGraph","boundary","hasIndirectDependencies","predicate non-void-command collaborator",
"DependencyGraph","boundary","getTransitiveUpstream","property non-void-command collaborator",
"DependencyGraph","boundary","getTransitiveDownstream","property non-void-command collaborator",
"DependencyGraph","boundary","getTransitive","non-void-command factory collaborator",
"DependencyGraph","boundary","add","controller stateless",
"DependencyGraph","boundary","finalize","property controller",
"DependencyGraph","boundary","compare","property non-void-command collaborator",
"DependencyGraph","boundary","getTopologicallySorted","get collaborator",
"DescriptorByNameOwner","entity boundary small-class","getDescriptorByName","property non-void-command collaborator",
"NoTempDir","boundary degenerate small-class","NoTempDir","constructor",
"NoTempDir","boundary degenerate small-class","getTempDir","wrapper stateless",
"FullDuplexHttpChannel","boundary small-class","FullDuplexHttpChannel","constructor",
"FullDuplexHttpChannel","boundary small-class","run","command collaborator",
"FullDuplexHttpChannel","boundary small-class","getChannel","get collaborator",
"DescriptorList<TextendsDescribable<T>>","boundary","DescriptorList","constructor",
"DescriptorList<TextendsDescribable<T>>","boundary","DescriptorList","constructor",
"DescriptorList<TextendsDescribable<T>>","boundary","get","property non-void-command collaborator",
"DescriptorList<TextendsDescribable<T>>","boundary","size","property non-void-command",
"DescriptorList<TextendsDescribable<T>>","boundary","iterator","property non-void-command collaborator",
"DescriptorList<TextendsDescribable<T>>","boundary","add","predicate non-void-command collaborator",
"DescriptorList<TextendsDescribable<T>>","boundary","add","command collaborator",
"DescriptorList<TextendsDescribable<T>>","boundary","remove","predicate non-void-command collaborator",
"DescriptorList<TextendsDescribable<T>>","boundary","store","get property wrapper",
"DescriptorList<TextendsDescribable<T>>","boundary","newInstanceFromRadioList","property non-void-command collaborator",
"DescriptorList<TextendsDescribable<T>>","boundary","newInstanceFromRadioList","property non-void-command factory collaborator",
"DescriptorList<TextendsDescribable<T>>","boundary","findByName","property controller",
"DescriptorList<TextendsDescribable<T>>","boundary","load","controller stateless",
"DescriptorList<TextendsDescribable<T>>","boundary","find","property wrapper",
"AbstractAsyncNodeMonitorDescriptor<T>","boundary","AbstractAsyncNodeMonitorDescriptor","constructor",
"AbstractAsyncNodeMonitorDescriptor<T>","boundary","AbstractAsyncNodeMonitorDescriptor","constructor",
"AbstractAsyncNodeMonitorDescriptor<T>","boundary","AbstractAsyncNodeMonitorDescriptor","constructor",
"AbstractAsyncNodeMonitorDescriptor<T>","boundary","AbstractAsyncNodeMonitorDescriptor","constructor",
"AbstractAsyncNodeMonitorDescriptor<T>","boundary","monitor","controller stateless",
"AbstractAsyncNodeMonitorDescriptor<T>","boundary","monitor","property non-void-command collaborator",
"AbstractAsyncNodeMonitorDescriptor<T>","boundary","monitorDetailed","property non-void-command factory collaborator",
"AbstractAsyncNodeMonitorDescriptor<T>","boundary","error","command collaborator",
"MyViewsProperty","boundary","MyViewsProperty","constructor",
"MyViewsProperty","boundary","MyViewsProperty","constructor",
"MyViewsProperty","boundary","readResolve","get non-void-command factory collaborator",
"MyViewsProperty","boundary","getPrimaryViewName","get",
"MyViewsProperty","boundary","setPrimaryViewName","set",
"MyViewsProperty","boundary","getUser","get collaborator",
"MyViewsProperty","boundary","getUrl","property non-void-command",
"MyViewsProperty","boundary","save","command",
"MyViewsProperty","boundary","getViews","property non-void-command collaborator",
"MyViewsProperty","boundary","getView","property non-void-command collaborator",
"MyViewsProperty","boundary","canDelete","predicate non-void-command collaborator",
"MyViewsProperty","boundary","deleteView","command collaborator",
"MyViewsProperty","boundary","onViewRenamed","command",
"MyViewsProperty","boundary","addView","command collaborator",
"MyViewsProperty","boundary","getPrimaryView","property non-void-command collaborator",
"MyViewsProperty","boundary","doIndex","property non-void-command factory collaborator",
"MyViewsProperty","boundary","doCreateView","command collaborator",
"MyViewsProperty","boundary","doViewExistsCheck","property non-void-command collaborator",
"MyViewsProperty","boundary","getACL","property non-void-command collaborator",
"MyViewsProperty","boundary","getDisplayName","wrapper stateless",
"MyViewsProperty","boundary","getIconFileName","incidental",
"MyViewsProperty","boundary","getUrlName","incidental",
"MyViewsProperty","boundary","reconfigure","get controller",
"MyViewsProperty","boundary","getViewsTabBar","property non-void-command collaborator",
"MyViewsProperty","boundary","getViewActions","wrapper stateless",
"MyViewsProperty","boundary","getStaplerFallback","property non-void-command collaborator",
"MyViewsProperty","boundary","getMyViewsTabBar","property non-void-command collaborator",
"Failure","small-class","Failure","constructor",
"Failure","small-class","Failure","constructor",
"Failure","small-class","generateResponse","command collaborator",
"Failure","small-class","generateResponse","controller",
"FileParameterDefinition","boundary","FileParameterDefinition","constructor",
"FileParameterDefinition","boundary","FileParameterDefinition","constructor",
"FileParameterDefinition","boundary","createValue","property non-void-command collaborator",
"FileParameterDefinition","boundary","createValue","property non-void-command factory collaborator",
"FileParameterDefinition","boundary","getFileName","controller stateless",
"FileParameterDefinition","boundary","createValue","property non-void-command factory collaborator",
"FileParameterDefinition","boundary","hashCode","property non-void-command",
"FileParameterDefinition","boundary","equals","predicate non-void-command collaborator",
"AbstractQueueSorterImpl","small-class","sortBuildableItems","controller",
"AbstractQueueSorterImpl","small-class","compare","wrapper stateless",
"AbstractItemOptionHandler","boundary degenerate small-class","AbstractItemOptionHandler","constructor",
"AbstractItemOptionHandler","boundary degenerate small-class","type","collaborator incidental",
"IdentityRootAction","boundary degenerate","getIconFileName","incidental",
"IdentityRootAction","boundary degenerate","getDisplayName","incidental",
"IdentityRootAction","boundary degenerate","getUrlName","wrapper stateless",
"IdentityRootAction","boundary degenerate","getPublicKey","controller stateless",
"IdentityRootAction","boundary degenerate","getFingerprint","wrapper stateless",
"SaveableListener","boundary","onChange","empty",
"SaveableListener","boundary","register","wrapper",
"SaveableListener","boundary","unregister","wrapper",
"FreeStyleProject","boundary degenerate small-class","FreeStyleProject","constructor",
"FreeStyleProject","boundary degenerate small-class","FreeStyleProject","constructor",
"FreeStyleProject","boundary degenerate small-class","getBuildClass","collaborator incidental",
"FreeStyleProject","boundary degenerate small-class","getDescriptor","wrapper stateless",
"UserDetailsServiceProxy","small-class","loadUserByUsername","property controller",
"UserDetailsServiceProxy","small-class","setDelegate","set collaborator",
"HealthReport","unclassified","HealthReport","constructor",
"HealthReport","unclassified","HealthReport","constructor",
"HealthReport","unclassified","HealthReport","constructor",
"HealthReport","unclassified","HealthReport","constructor",
"HealthReport","unclassified","HealthReport","constructor",
"HealthReport","unclassified","getScore","get",
"HealthReport","unclassified","setScore","set",
"HealthReport","unclassified","getIconUrl","get",
"HealthReport","unclassified","getIconClassName","get",
"HealthReport","unclassified","getIconUrl","property non-void-command",
"HealthReport","unclassified","setIconUrl","set",
"HealthReport","unclassified","getDescription","property non-void-command",
"HealthReport","unclassified","setDescription","command",
"HealthReport","unclassified","getLocalizableDescription","get collaborator",
"HealthReport","unclassified","setLocalizibleDescription","set collaborator",
"HealthReport","unclassified","getAggregatedReports","wrapper stateless",
"HealthReport","unclassified","isAggregateReport","incidental",
"HealthReport","unclassified","compareTo","property wrapper",
"ItemGroup<TextendsItem>","boundary","getItems","property non-void-command collaborator",
"ItemGroup<TextendsItem>","boundary","getItemsStream","property non-void-command collaborator",
"ItemGroup<TextendsItem>","boundary","getItemsStream","property non-void-command collaborator",
"ItemGroup<TextendsItem>","boundary","onRenamed","empty",
"ItemGroup<TextendsItem>","boundary","getAllItems","property wrapper",
"ItemGroup<TextendsItem>","boundary","getAllItems","property wrapper",
"ItemGroup<TextendsItem>","boundary","allItems","property wrapper",
"ItemGroup<TextendsItem>","boundary","allItems","property wrapper",
"ItemGroup<TextendsItem>","boundary","getAllItems","property non-void-command collaborator",
"ItemGroup<TextendsItem>","boundary","allItems","property non-void-command collaborator",
"ItemGroup<TextendsItem>","boundary","getItemName","controller stateless",
"Local","empty","Local","constructor",
"Local","empty","Local","constructor",
"FreeStyleBuild","commander small-class","FreeStyleBuild","constructor",
"FreeStyleBuild","commander small-class","FreeStyleBuild","constructor",
"FreeStyleBuild","commander small-class","run","command",
"AbstractGroovyViewModule","entity boundary","AbstractGroovyViewModule","constructor",
"AbstractGroovyViewModule","entity boundary","methodMissing","property non-void-command collaborator",
"AbstractGroovyViewModule","entity boundary","propertyMissing","property non-void-command collaborator",
"AbstractGroovyViewModule","entity boundary","propertyMissing","command collaborator",
"QueueTest","commander boundary","setup","command",
"QueueTest","commander boundary","cancelItemOnaValidItemShouldReturnA204","command collaborator",
"QueueTest","commander boundary","cancelItemOnANonExistingItemShouldReturnA404","controller",
"QueueTest","commander boundary","cancelItemOnANonCancellableItemShouldReturnA422","command collaborator",
"MapperInjectionPoint","boundary data-class small-class","MapperInjectionPoint","constructor",
"MapperInjectionPoint","boundary data-class small-class","getDelegate","get collaborator",
"MapperInjectionPoint","boundary data-class small-class","setDelegate","set collaborator",
"ChoiceParameterDefinition","entity minimal-entity boundary","ChoiceParameterDefinition","constructor",
"ChoiceParameterDefinition","entity minimal-entity boundary","ChoiceParameterDefinition","constructor",
"ChoiceParameterDefinition","entity minimal-entity boundary","ChoiceParameterDefinition","constructor",
"ChoiceParameterDefinition","entity minimal-entity boundary","ChoiceParameterDefinition","constructor",
"ChoiceParameterDefinition","entity minimal-entity boundary","setChoices","command collaborator",
"ChoiceParameterDefinition","entity minimal-entity boundary","setChoicesText","set",
"ChoiceParameterDefinition","entity minimal-entity boundary","copyWithDefaultValue","get property non-void-command factory collaborator",
"ChoiceParameterDefinition","entity minimal-entity boundary","getChoices","get",
"ChoiceParameterDefinition","entity minimal-entity boundary","getChoicesText","property wrapper",
"ChoiceParameterDefinition","entity minimal-entity boundary","getDefaultParameterValue","property non-void-command factory collaborator",
"ChoiceParameterDefinition","entity minimal-entity boundary","isValid","predicate non-void-command collaborator",
"ChoiceParameterDefinition","entity minimal-entity boundary","createValue","property non-void-command collaborator",
"ChoiceParameterDefinition","entity minimal-entity boundary","checkValue","command",
"ChoiceParameterDefinition","entity minimal-entity boundary","createValue","non-void-command factory collaborator",
"ChoiceParameterDefinition","entity minimal-entity boundary","hashCode","property non-void-command",
"ChoiceParameterDefinition","entity minimal-entity boundary","equals","predicate non-void-command collaborator",
"Shell","boundary","Shell","constructor",
"Shell","boundary","setConfiguredLocalRules","set collaborator",
"Shell","boundary","buildCommandLine","property non-void-command collaborator",
"Shell","boundary","getContents","property wrapper",
"Shell","boundary","getFileExtension","incidental",
"Shell","boundary","getUnstableReturn","property wrapper",
"Shell","boundary","setUnstableReturn","set",
"Shell","boundary","isErrorlevelForUnstableBuild","predicate non-void-command",
"Shell","boundary","getDescriptor","property non-void-command collaborator",
"Shell","boundary","readResolve","factory controller",
"Fingerprinter","unclassified","Fingerprinter","constructor",
"Fingerprinter","unclassified","setExcludes","set",
"Fingerprinter","unclassified","setDefaultExcludes","set",
"Fingerprinter","unclassified","setCaseSensitive","set",
"Fingerprinter","unclassified","Fingerprinter","constructor",
"Fingerprinter","unclassified","getTargets","get",
"Fingerprinter","unclassified","getExcludes","get",
"Fingerprinter","unclassified","getDefaultExcludes","get",
"Fingerprinter","unclassified","getCaseSensitive","get",
"Fingerprinter","unclassified","readResolve","get non-void-command collaborator",
"Fingerprinter","unclassified","getRecordBuildArtifacts","predicate",
"Fingerprinter","unclassified","perform","command collaborator",
"Fingerprinter","unclassified","getRequiredMonitorService","collaborator incidental",
"Fingerprinter","unclassified","buildDependencyGraph","controller",
"Fingerprinter","unclassified","record","controller",
"Environment","degenerate small-class","buildEnvVars","empty",
"Environment","degenerate small-class","tearDown","collaborator incidental",
"ToolInstallation","data-provider boundary","ToolInstallation","constructor",
"ToolInstallation","data-provider boundary","ToolInstallation","constructor",
"ToolInstallation","data-provider boundary","_setTool","controller stateless",
"ToolInstallation","data-provider boundary","getName","get",
"ToolInstallation","data-provider boundary","getHome","get",
"ToolInstallation","data-provider boundary","buildEnvVars","empty",
"ToolInstallation","data-provider boundary","getProperties","get set factory collaborator",
"ToolInstallation","data-provider boundary","translate","property controller",
"ToolInstallation","data-provider boundary","translate","property non-void-command collaborator",
"ToolInstallation","data-provider boundary","translateFor","property wrapper",
"ToolInstallation","data-provider boundary","readResolve","get non-void-command collaborator",
"ToolInstallation","data-provider boundary","writeReplace","get property non-void-command collaborator",
"ToolInstallation","data-provider boundary","toString","property wrapper",
"StreamBuildListener","empty","StreamBuildListener","constructor",
"StreamBuildListener","empty","StreamBuildListener","constructor",
"StreamBuildListener","empty","StreamBuildListener","constructor",
"StreamBuildListener","empty","StreamBuildListener","constructor",
"StreamBuildListener","empty","StreamBuildListener","constructor",
"LogRotator","unclassified","LogRotator","constructor",
"LogRotator","unclassified","LogRotator","constructor",
"LogRotator","unclassified","LogRotator","constructor",
"LogRotator","unclassified","perform","command collaborator",
"LogRotator","unclassified","shouldKeepRun","predicate non-void-command collaborator",
"LogRotator","unclassified","tooNew","predicate non-void-command collaborator",
"LogRotator","unclassified","getDaysToKeep","get",
"LogRotator","unclassified","getNumToKeep","get",
"LogRotator","unclassified","getArtifactDaysToKeep","property non-void-command",
"LogRotator","unclassified","getArtifactNumToKeep","property non-void-command",
"LogRotator","unclassified","getDaysToKeepStr","property non-void-command",
"LogRotator","unclassified","getNumToKeepStr","property non-void-command",
"LogRotator","unclassified","getArtifactDaysToKeepStr","property non-void-command",
"LogRotator","unclassified","getArtifactNumToKeepStr","property non-void-command",
"LogRotator","unclassified","unbox","incidental",
"LogRotator","unclassified","toString","wrapper stateless",
"NullTaskListener","factory degenerate small-class","getLogger","factory collaborator stateless",
"Maven","boundary","Maven","constructor",
"Maven","boundary","Maven","constructor",
"Maven","boundary","Maven","constructor",
"Maven","boundary","Maven","constructor",
"Maven","boundary","Maven","constructor",
"Maven","boundary","getTargets","get",
"Maven","boundary","getSettings","property wrapper",
"Maven","boundary","setSettings","set collaborator",
"Maven","boundary","getGlobalSettings","property wrapper",
"Maven","boundary","setGlobalSettings","set collaborator",
"Maven","boundary","setUsePrivateRepository","set",
"Maven","boundary","usesPrivateRepository","get",
"Maven","boundary","isInjectBuildVariables","get",
"Maven","boundary","getMaven","property non-void-command collaborator",
"Maven","boundary","readResolve","get set collaborator",
"Maven","boundary","perform","predicate non-void-command collaborator",
"Maven","boundary","wrapUpArguments","empty",
"Maven","boundary","buildEnvVars","controller",
"Maven","boundary","getDescriptor","property non-void-command collaborator",
"Notifier","entity boundary small-class","Notifier","constructor",
"Notifier","entity boundary small-class","getDescriptor","property non-void-command collaborator",
"DeleteJobCommand","small-class","getShortDescription","wrapper stateless",
"DeleteJobCommand","small-class","run","property controller",
"AgentComputerUtil","empty","AgentComputerUtil","constructor",
"HsErrPidList","boundary","HsErrPidList","constructor",
"HsErrPidList","boundary","getDisplayName","wrapper stateless",
"HsErrPidList","boundary","getFiles","get collaborator",
"HsErrPidList","boundary","scan","command",
"HsErrPidList","boundary","scanFile","command collaborator",
"HsErrPidList","boundary","getSecretKeyFile","factory wrapper stateless",
"HsErrPidList","boundary","findHeader","controller stateless",
"HsErrPidList","boundary","isActivated","predicate non-void-command",
"ConfidentialStoreRule","boundary degenerate small-class","before","wrapper stateless",
"Maven3MojoNote","pure-controller degenerate small-class","Maven3MojoNote","constructor",
"Maven3MojoNote","pure-controller degenerate small-class","annotate","controller stateless",
"DiskSpaceMonitorNodeProperty","data-provider data-class","DiskSpaceMonitorNodeProperty","constructor",
"DiskSpaceMonitorNodeProperty","data-provider data-class","getFreeDiskSpaceThreshold","get",
"DiskSpaceMonitorNodeProperty","data-provider data-class","getFreeTempSpaceThreshold","get",
"DiskSpaceMonitorNodeProperty","data-provider data-class","getFreeDiskSpaceWarningThreshold","get",
"DiskSpaceMonitorNodeProperty","data-provider data-class","getFreeTempSpaceWarningThreshold","get",
"MavenConsoleAnnotator","entity boundary small-class","MavenConsoleAnnotator","constructor",
"MavenConsoleAnnotator","entity boundary small-class","eol","void-accessor command collaborator",
"AbstractCommandInstaller","data-provider","AbstractCommandInstaller","constructor",
"AbstractCommandInstaller","data-provider","getCommand","get",
"AbstractCommandInstaller","data-provider","getToolHome","get",
"AbstractCommandInstaller","data-provider","performInstallation","property non-void-command collaborator",
"DownloadFromUrlInstaller","unclassified","DownloadFromUrlInstaller","constructor",
"DownloadFromUrlInstaller","unclassified","isUpToDate","controller stateless",
"DownloadFromUrlInstaller","unclassified","getInstallable","property non-void-command collaborator",
"DownloadFromUrlInstaller","unclassified","performInstallation","property non-void-command collaborator",
"DownloadFromUrlInstaller","unclassified","findPullUpDirectory","controller stateless",
"ToolDescriptor<TextendsToolInstallation>","boundary","ToolDescriptor","constructor",
"ToolDescriptor<TextendsToolInstallation>","boundary","ToolDescriptor","constructor",
"ToolDescriptor<TextendsToolInstallation>","boundary","getInstallations","property non-void-command collaborator",
"ToolDescriptor<TextendsToolInstallation>","boundary","emptyArray_unsafeCast","collaborator incidental",
"ToolDescriptor<TextendsToolInstallation>","boundary","setInstallations","set collaborator",
"ToolDescriptor<TextendsToolInstallation>","boundary","getPropertyDescriptors","property wrapper",
"ToolDescriptor<TextendsToolInstallation>","boundary","getCategory","wrapper stateless",
"ToolDescriptor<TextendsToolInstallation>","boundary","getDefaultInstallers","wrapper stateless",
"ToolDescriptor<TextendsToolInstallation>","boundary","getDefaultProperties","non-void-command factory collaborator",
"ToolDescriptor<TextendsToolInstallation>","boundary","configure","predicate controller",
"ToolDescriptor<TextendsToolInstallation>","boundary","doCheckHome","property non-void-command collaborator",
"ToolDescriptor<TextendsToolInstallation>","boundary","checkHomeDirectory","wrapper stateless",
"ToolDescriptor<TextendsToolInstallation>","boundary","doCheckName","wrapper stateless",
"RunParameterValue","unclassified","RunParameterValue","constructor",
"RunParameterValue","unclassified","RunParameterValue","constructor",
"RunParameterValue","unclassified","getRun","property wrapper",
"RunParameterValue","unclassified","getRunId","get",
"RunParameterValue","unclassified","split","property non-void-command",
"RunParameterValue","unclassified","getJobName","property non-void-command",
"RunParameterValue","unclassified","getNumber","property non-void-command",
"RunParameterValue","unclassified","getValue","property non-void-command collaborator",
"RunParameterValue","unclassified","buildEnvironment","command collaborator",
"RunParameterValue","unclassified","toString","property non-void-command",
"RunParameterValue","unclassified","getShortDescription","property non-void-command collaborator",
"SCMPollListener","degenerate","onBeforePolling","empty",
"SCMPollListener","degenerate","onPollingSuccess","empty",
"SCMPollListener","degenerate","onPollingFailed","empty",
"ToolInstaller","boundary","ToolInstaller","constructor",
"ToolInstaller","boundary","setTool","set collaborator",
"ToolInstaller","boundary","getLabel","get",
"ToolInstaller","boundary","appliesTo","predicate non-void-command collaborator",
"ToolInstaller","boundary","preferredLocation","property non-void-command collaborator",
"ToolInstaller","boundary","sanitize","controller stateless",
"ToolInstaller","boundary","getDescriptor","wrapper stateless",
"ApiTokenFilter","boundary degenerate small-class","all","wrapper stateless",
"ToolInstallerDescriptor<TextendsToolInstaller>","boundary degenerate","isApplicable","collaborator incidental",
"ToolInstallerDescriptor<TextendsToolInstaller>","boundary degenerate","doAutoCompleteLabel","wrapper stateless",
"ToolInstallerDescriptor<TextendsToolInstaller>","boundary degenerate","doCheckLabel","wrapper stateless",
"JenkinsLocationConfiguration","unclassified","load","command collaborator",
"JenkinsLocationConfiguration","unclassified","getAdminAddress","property wrapper",
"JenkinsLocationConfiguration","unclassified","setAdminAddress","set",
"JenkinsLocationConfiguration","unclassified","getUrl","get",
"JenkinsLocationConfiguration","unclassified","setUrl","command",
"JenkinsLocationConfiguration","unclassified","preventRootUrlBeingInvalid","command",
"JenkinsLocationConfiguration","unclassified","isInvalidRootUrl","wrapper stateless",
"JenkinsLocationConfiguration","unclassified","updateSecureSessionFlag","command",
"JenkinsLocationConfiguration","unclassified","doCheckUrl","property non-void-command collaborator",
"JenkinsLocationConfiguration","unclassified","doCheckAdminAddress","wrapper stateless",
"RemotingVersionInfo","empty","RemotingVersionInfo","constructor",
"TaskActionTest","pure-controller degenerate small-class","annotatedText","controller stateless",
"Hash","empty","Hash","constructor",
"ToolProperty<TextendsToolInstallation>","commander boundary lazy-class small-class","setTool","set collaborator",
"ToolProperty<TextendsToolInstallation>","commander boundary lazy-class small-class","getDescriptor","wrapper stateless",
"UserMayOrMayNotExistException","factory controller small-class","UserMayOrMayNotExistException","constructor",
"UserMayOrMayNotExistException","factory controller small-class","UserMayOrMayNotExistException","constructor",
"UserMayOrMayNotExistException","factory controller small-class","UserMayOrMayNotExistException","constructor",
"UserMayOrMayNotExistException","factory controller small-class","toSpring","property factory wrapper",
"ZipExtractionInstaller","data-provider","ZipExtractionInstaller","constructor",
"ZipExtractionInstaller","data-provider","getUrl","get",
"ZipExtractionInstaller","data-provider","getSubdir","get",
"ZipExtractionInstaller","data-provider","performInstallation","property non-void-command collaborator",
"SlowTriggerAdminMonitor","unclassified","SlowTriggerAdminMonitor","constructor",
"SlowTriggerAdminMonitor","unclassified","isActivated","predicate non-void-command",
"SlowTriggerAdminMonitor","unclassified","getDisplayName","wrapper stateless",
"SlowTriggerAdminMonitor","unclassified","clear","command",
"SlowTriggerAdminMonitor","unclassified","report","command",
"SlowTriggerAdminMonitor","unclassified","getErrors","property factory collaborator",
"SlowTriggerAdminMonitor","unclassified","doClear","property non-void-command collaborator",
"Executor","boundary","Executor","constructor",
"Executor","boundary","interrupt","command",
"Executor","boundary","interruptForShutdown","command",
"Executor","boundary","interrupt","command collaborator",
"Executor","boundary","interrupt","command collaborator",
"Executor","boundary","interrupt","command collaborator",
"Executor","boundary","interrupt","command collaborator",
"Executor","boundary","abortResult","property non-void-command collaborator",
"Executor","boundary","recordCauseOfInterruption","command collaborator",
"Executor","boundary","resetWorkUnit","command collaborator",
"Executor","boundary","run","command",
"Executor","boundary","finish1","command collaborator",
"Executor","boundary","finish2","command collaborator",
"Executor","boundary","completedAsynchronous","command collaborator",
"Executor","boundary","getCurrentExecutable","get non-void-command collaborator",
"Executor","boundary","getCurrentExecutableForApi","property non-void-command collaborator",
"Executor","boundary","getCausesOfInterruption","property wrapper",
"Executor","boundary","getCurrentWorkUnit","get non-void-command collaborator",
"Executor","boundary","getCurrentWorkspace","property non-void-command collaborator",
"Executor","boundary","getDisplayName","property non-void-command",
"Executor","boundary","getNumber","get",
"Executor","boundary","isIdle","predicate non-void-command",
"Executor","boundary","isBusy","predicate non-void-command",
"Executor","boundary","isActive","predicate non-void-command",
"Executor","boundary","getAsynchronousExecution","get non-void-command collaborator",
"Executor","boundary","isDisplayCell","predicate non-void-command collaborator",
"Executor","boundary","isParking","predicate non-void-command",
"Executor","boundary","getCauseOfDeath","collaborator incidental",
"Executor","boundary","getProgress","get property non-void-command",
"Executor","boundary","isLikelyStuck","predicate non-void-command",
"Executor","boundary","getElapsedTime","property non-void-command",
"Executor","boundary","getTimeSpentInQueue","property non-void-command",
"Executor","boundary","getTimestampString","property non-void-command",
"Executor","boundary","getEstimatedRemainingTime","property non-void-command",
"Executor","boundary","getEstimatedRemainingTimeMillis","get property non-void-command",
"Executor","boundary","start","stateless",
"Executor","boundary","start","command collaborator",
"Executor","boundary","doStop","command collaborator",
"Executor","boundary","doStop","property non-void-command collaborator",
"Executor","boundary","doStopBuild","property non-void-command collaborator",
"Executor","boundary","doYank","wrapper stateless",
"Executor","boundary","hasStopPermission","predicate non-void-command",
"Executor","boundary","getOwner","get collaborator",
"Executor","boundary","getIdleStartMilliseconds","property non-void-command",
"Executor","boundary","getApi","property factory collaborator",
"Executor","boundary","newImpersonatingProxy","property non-void-command factory collaborator",
"TimerTrigger","commander small-class","TimerTrigger","constructor",
"TimerTrigger","commander small-class","run","command",
"NodeList","entity boundary degenerate","NodeList","constructor",
"NodeList","entity boundary degenerate","NodeList","constructor",
"NodeList","entity boundary degenerate","NodeList","constructor",
"NodeList","entity boundary degenerate","getNode","property non-void-command collaborator",
"NodeList","entity boundary degenerate","add","collaborator stateless",
"NodeList","entity boundary degenerate","remove","collaborator stateless",
"NodeList","entity boundary degenerate","remove","collaborator stateless",
"NodeList","entity boundary degenerate","clear","stateless",
"NodeList","entity boundary degenerate","addAll","collaborator stateless",
"NodeList","entity boundary degenerate","addAll","collaborator stateless",
"NodeList","entity boundary degenerate","removeRange","stateless",
"NodeList","entity boundary degenerate","removeAll","collaborator stateless",
"NodeList","entity boundary degenerate","retainAll","collaborator stateless",
"NodeList","entity boundary degenerate","add","collaborator stateless",
"NodeList","entity boundary degenerate","set","collaborator stateless",
"DefaultScriptListener","commander boundary small-class","onScriptExecution","command collaborator",
"DefaultScriptListener","commander boundary small-class","onScriptOutput","command collaborator",
"AWTProblem","empty","AWTProblem","constructor",
"FingerprintTest","degenerate","rangeSet","controller stateless",
"FingerprintTest","degenerate","merge","controller stateless",
"FingerprintTest","degenerate","merge2","controller stateless",
"FingerprintTest","degenerate","merge3","controller stateless",
"FingerprintTest","degenerate","retainAll1","controller stateless",
"FingerprintTest","degenerate","retainAll2","controller stateless",
"FingerprintTest","degenerate","retainAll3","controller stateless",
"FingerprintTest","degenerate","removeAll1","controller stateless",
"FingerprintTest","degenerate","removeAll2","controller stateless",
"FingerprintTest","degenerate","removeAll3","controller stateless",
"FingerprintTest","degenerate","deserialize","wrapper stateless",
"FingerprintTest","degenerate","loadFingerprintWithoutUsages","controller stateless",
"FingerprintTest","degenerate","fromString","wrapper stateless",
"FingerprintTest","degenerate","expectIAE","controller stateless",
"Area","data-provider small-class","Area","constructor",
"Area","data-provider small-class","area","property",
"Area","data-provider small-class","toString","property",
"ArgumentListBuilder","unclassified","ArgumentListBuilder","constructor",
"ArgumentListBuilder","unclassified","ArgumentListBuilder","constructor",
"ArgumentListBuilder","unclassified","add","property non-void-command collaborator",
"ArgumentListBuilder","unclassified","add","property non-void-command",
"ArgumentListBuilder","unclassified","add","property non-void-command collaborator",
"ArgumentListBuilder","unclassified","add","property non-void-command",
"ArgumentListBuilder","unclassified","add","get non-void-command",
"ArgumentListBuilder","unclassified","prepend","get non-void-command",
"ArgumentListBuilder","unclassified","addQuoted","property non-void-command",
"ArgumentListBuilder","unclassified","addQuoted","property non-void-command",
"ArgumentListBuilder","unclassified","add","get non-void-command",
"ArgumentListBuilder","unclassified","add","get non-void-command collaborator",
"ArgumentListBuilder","unclassified","addTokenized","get non-void-command",
"ArgumentListBuilder","unclassified","addKeyValuePair","get non-void-command",
"ArgumentListBuilder","unclassified","addKeyValuePairs","get non-void-command collaborator",
"ArgumentListBuilder","unclassified","addKeyValuePairs","get non-void-command collaborator",
"ArgumentListBuilder","unclassified","addKeyValuePairsFromPropertyString","property non-void-command collaborator",
"ArgumentListBuilder","unclassified","addKeyValuePairsFromPropertyString","get non-void-command collaborator",
"ArgumentListBuilder","unclassified","toCommandArray","property non-void-command",
"ArgumentListBuilder","unclassified","clone","property non-void-command",
"ArgumentListBuilder","unclassified","clear","command",
"ArgumentListBuilder","unclassified","toList","get",
"ArgumentListBuilder","unclassified","toStringWithQuote","property controller",
"ArgumentListBuilder","unclassified","toWindowsCommand","non-void-command factory",
"ArgumentListBuilder","unclassified","toWindowsCommand","property non-void-command",
"ArgumentListBuilder","unclassified","hasMaskedArguments","predicate non-void-command",
"ArgumentListBuilder","unclassified","toMaskArray","predicate non-void-command",
"ArgumentListBuilder","unclassified","addMasked","command",
"ArgumentListBuilder","unclassified","addMasked","property non-void-command collaborator",
"ArgumentListBuilder","unclassified","toString","property non-void-command",
"DataAccessResourceFailureException","empty","DataAccessResourceFailureException","constructor",
"DataAccessResourceFailureException","empty","DataAccessResourceFailureException","constructor",
"BootFailure","small-class","BootFailure","constructor",
"BootFailure","small-class","BootFailure","constructor",
"BootFailure","small-class","publish","command collaborator",
"BootFailure","small-class","loadAttempts","non-void-command factory collaborator",
"NamingThreadFactory","entity boundary small-class","NamingThreadFactory","constructor",
"NamingThreadFactory","entity boundary small-class","newThread","property non-void-command collaborator",
"ByteArrayOutputStream2","pure-controller degenerate small-class","ByteArrayOutputStream2","constructor",
"ByteArrayOutputStream2","pure-controller degenerate small-class","ByteArrayOutputStream2","constructor",
"ByteArrayOutputStream2","pure-controller degenerate small-class","getBuffer","incidental",
"ByteArrayOutputStream2","pure-controller degenerate small-class","readFrom","controller stateless",
"BuildDiscarder","entity boundary small-class","getDescriptor","property non-void-command collaborator",
"PeopleRedirect","degenerate small-class","getIconFileName","incidental",
"PeopleRedirect","degenerate small-class","getDisplayName","incidental",
"InvalidBuildsDir","data-provider data-class small-class","InvalidBuildsDir","constructor",
"InvalidBuildsDir","data-provider data-class small-class","getMessage","get",
"ClasspathBuilder","entity boundary","add","property non-void-command collaborator",
"ClasspathBuilder","entity boundary","add","property non-void-command collaborator",
"ClasspathBuilder","entity boundary","add","get non-void-command",
"ClasspathBuilder","entity boundary","addJarOf","property non-void-command collaborator",
"ClasspathBuilder","entity boundary","addAll","get non-void-command collaborator",
"ClasspathBuilder","entity boundary","toString","property wrapper",
"ClockDifference","data-provider boundary","ClockDifference","constructor",
"ClockDifference","data-provider boundary","isDangerous","predicate wrapper",
"ClockDifference","data-provider boundary","abs","property wrapper",
"ClockDifference","data-provider boundary","toString","property controller",
"ClockDifference","data-provider boundary","toHtml","property non-void-command",
"GlobalComputerRetentionCheckIntervalConfiguration","unclassified","getComputerRetentionCheckInterval","get property non-void-command",
"GlobalComputerRetentionCheckIntervalConfiguration","unclassified","setComputerRetentionCheckInterval","set",
"GlobalComputerRetentionCheckIntervalConfiguration","unclassified","configure","predicate non-void-command collaborator",
"ConsistentHash<T>","commander boundary","ConsistentHash","constructor",
"ConsistentHash<T>","commander boundary","ConsistentHash","constructor",
"ConsistentHash<T>","commander boundary","ConsistentHash","constructor",
"ConsistentHash<T>","commander boundary","ConsistentHash","constructor",
"ConsistentHash<T>","commander boundary","countAllPoints","get",
"ConsistentHash<T>","commander boundary","add","command collaborator",
"ConsistentHash<T>","commander boundary","addAll","command collaborator",
"ConsistentHash<T>","commander boundary","addAll","command collaborator",
"ConsistentHash<T>","commander boundary","addAll","command collaborator",
"ConsistentHash<T>","commander boundary","remove","command collaborator",
"ConsistentHash<T>","commander boundary","add","command",
"ConsistentHash<T>","commander boundary","addInternal","command",
"ConsistentHash<T>","commander boundary","refreshTable","set",
"ConsistentHash<T>","commander boundary","digest","property non-void-command",
"ConsistentHash<T>","commander boundary","createMessageDigest","wrapper stateless",
"ConsistentHash<T>","commander boundary","b2i","incidental",
"ConsistentHash<T>","commander boundary","lookup","property non-void-command collaborator",
"ConsistentHash<T>","commander boundary","lookup","property non-void-command collaborator",
"ConsistentHash<T>","commander boundary","list","property non-void-command collaborator",
"ConsistentHash<T>","commander boundary","list","property non-void-command collaborator",
"CopyOnWriteMap<K,V>","entity boundary","CopyOnWriteMap","constructor",
"CopyOnWriteMap<K,V>","entity boundary","CopyOnWriteMap","constructor",
"CopyOnWriteMap<K,V>","entity boundary","update","command collaborator",
"CopyOnWriteMap<K,V>","entity boundary","replaceBy","command collaborator",
"CopyOnWriteMap<K,V>","entity boundary","size","property non-void-command",
"CopyOnWriteMap<K,V>","entity boundary","isEmpty","predicate non-void-command",
"CopyOnWriteMap<K,V>","entity boundary","containsKey","predicate non-void-command collaborator",
"CopyOnWriteMap<K,V>","entity boundary","containsValue","predicate non-void-command collaborator",
"CopyOnWriteMap<K,V>","entity boundary","get","property non-void-command collaborator",
"CopyOnWriteMap<K,V>","entity boundary","put","property non-void-command collaborator",
"CopyOnWriteMap<K,V>","entity boundary","remove","property non-void-command collaborator",
"CopyOnWriteMap<K,V>","entity boundary","putAll","command collaborator",
"CopyOnWriteMap<K,V>","entity boundary","clear","command",
"CopyOnWriteMap<K,V>","entity boundary","keySet","property non-void-command collaborator",
"CopyOnWriteMap<K,V>","entity boundary","values","property non-void-command collaborator",
"CopyOnWriteMap<K,V>","entity boundary","entrySet","property non-void-command collaborator",
"CopyOnWriteMap<K,V>","entity boundary","hashCode","property non-void-command",
"CopyOnWriteMap<K,V>","entity boundary","equals","predicate non-void-command collaborator",
"CopyOnWriteMap<K,V>","entity boundary","toString","property non-void-command",
"CompositeIOException","small-class","CompositeIOException","constructor",
"CompositeIOException","small-class","CompositeIOException","constructor",
"CompositeIOException","small-class","getExceptions","get collaborator",
"CompositeIOException","small-class","asUncheckedIOException","property factory collaborator",
"CyclicGraphDetector<N>","commander boundary","run","command collaborator",
"CyclicGraphDetector<N>","commander boundary","getSorted","get collaborator",
"CyclicGraphDetector<N>","commander boundary","visit","command collaborator",
"CyclicGraphDetector<N>","commander boundary","detectedCycle","command collaborator",
"CyclicGraphDetector<N>","commander boundary","reactOnCycle","collaborator stateless",
"InitReactorRunner","entity boundary","run","command collaborator",
"InitReactorRunner","entity boundary","buildReactorListener","property non-void-command factory collaborator",
"InitReactorRunner","entity boundary","onInitMilestoneAttained","empty",
"NodeDescriptor","unclassified","NodeDescriptor","constructor",
"NodeDescriptor","unclassified","NodeDescriptor","constructor",
"NodeDescriptor","unclassified","isInstantiable","incidental",
"NodeDescriptor","unclassified","newInstanceDetailPage","property non-void-command",
"NodeDescriptor","unclassified","handleNewNodePage","controller",
"NodeDescriptor","unclassified","getConfigPage","property non-void-command",
"NodeDescriptor","unclassified","doCheckName","wrapper stateless",
"DaemonThreadFactory","entity boundary small-class","DaemonThreadFactory","constructor",
"DaemonThreadFactory","entity boundary small-class","DaemonThreadFactory","constructor",
"DaemonThreadFactory","entity boundary small-class","newThread","property non-void-command collaborator",
"DecodingStream","commander data-class small-class","DecodingStream","constructor",
"DecodingStream","commander data-class small-class","write","set",
"DelegatingOutputStream","commander","DelegatingOutputStream","constructor",
"DelegatingOutputStream","commander","write","command",
"DelegatingOutputStream","commander","write","void-accessor command",
"DelegatingOutputStream","commander","write","void-accessor command",
"DelegatingOutputStream","commander","flush","command",
"DelegatingOutputStream","commander","close","command",
"FilePathSettingsProvider","small-class","FilePathSettingsProvider","constructor",
"FilePathSettingsProvider","small-class","getPath","get",
"FilePathSettingsProvider","small-class","supplySettings","property non-void-command collaborator",
"DescribableList<TextendsDescribable<T>,DextendsDescriptor<T>>","boundary","DescribableList","constructor",
"DescribableList<TextendsDescribable<T>,DextendsDescriptor<T>>","boundary","DescribableList","constructor",
"DescribableList<TextendsDescribable<T>,DextendsDescriptor<T>>","boundary","DescribableList","constructor",
"DescribableList<TextendsDescribable<T>,DextendsDescriptor<T>>","boundary","DescribableList","constructor",
"DescribableList<TextendsDescribable<T>,DextendsDescriptor<T>>","boundary","setOwner","set collaborator",
"DescribableList<TextendsDescribable<T>,DextendsDescriptor<T>>","boundary","replace","command collaborator",
"DescribableList<TextendsDescribable<T>,DextendsDescriptor<T>>","boundary","getDynamic","property non-void-command collaborator",
"DescribableList<TextendsDescribable<T>,DextendsDescriptor<T>>","boundary","get","property controller",
"DescribableList<TextendsDescribable<T>,DextendsDescriptor<T>>","boundary","contains","predicate non-void-command collaborator",
"DescribableList<TextendsDescribable<T>,DextendsDescriptor<T>>","boundary","remove","command collaborator",
"DescribableList<TextendsDescribable<T>,DextendsDescriptor<T>>","boundary","toMap","property wrapper",
"DescribableList<TextendsDescribable<T>,DextendsDescriptor<T>>","boundary","rebuild","command collaborator",
"DescribableList<TextendsDescribable<T>,DextendsDescriptor<T>>","boundary","rebuild","command",
"DescribableList<TextendsDescribable<T>,DextendsDescriptor<T>>","boundary","rebuildHetero","wrapper stateless",
"DescribableList<TextendsDescribable<T>,DextendsDescriptor<T>>","boundary","buildDependencyGraph","command collaborator",
"DescribableList<TextendsDescribable<T>,DextendsDescriptor<T>>","boundary","get","property non-void-command collaborator",
"DescribableList<TextendsDescribable<T>,DextendsDescriptor<T>>","boundary","toArray","property non-void-command collaborator",
"SecuritySystemProperties","boundary degenerate","getId","incidental",
"SecuritySystemProperties","boundary degenerate","getStart","wrapper stateless",
"SecuritySystemProperties","boundary degenerate","getEnd","wrapper stateless",
"SecuritySystemProperties","boundary degenerate","getDisplayName","incidental",
"SecuritySystemProperties","boundary degenerate","createContent","controller stateless",
"TagCloud<T>","small-class","TagCloud","constructor",
"TagCloud<T>","small-class","get","property non-void-command collaborator",
"TagCloud<T>","small-class","size","property non-void-command",
"FileChannelWriter","unclassified","FileChannelWriter","constructor",
"FileChannelWriter","unclassified","write","void-accessor command collaborator",
"FileChannelWriter","unclassified","flush","command",
"FileChannelWriter","unclassified","isOpen","predicate non-void-command",
"FileChannelWriter","unclassified","close","command",
"FileVisitor","boundary lazy-class degenerate","visitSymlink","wrapper stateless",
"FileVisitor","boundary lazy-class degenerate","understandsSymlink","incidental",
"FileVisitor","boundary lazy-class degenerate","with","get property factory collaborator",
"ManagementLink","degenerate","getDescription","incidental",
"ManagementLink","degenerate","getRequiresConfirmation","incidental",
"ManagementLink","degenerate","getRequiredPermission","collaborator incidental",
"ManagementLink","degenerate","getRequiresPOST","incidental",
"ManagementLink","degenerate","getCategoryName","incidental",
"ManagementLink","degenerate","getCategory","property non-void-command collaborator",
"ManagementLink","degenerate","Category","constructor",
"ManagementLink","degenerate","getLabel","property non-void-command",
"ManagementLink","degenerate","getBadge","collaborator incidental",
"FlushProofOutputStream","degenerate small-class","FlushProofOutputStream","constructor",
"FlushProofOutputStream","degenerate small-class","flush","empty",
"ApiCrumbExclusion","pure-controller degenerate small-class","process","controller stateless",
"ForkOutputStream","commander","ForkOutputStream","constructor",
"ForkOutputStream","commander","write","command",
"ForkOutputStream","commander","write","void-accessor command",
"ForkOutputStream","commander","write","void-accessor command",
"ForkOutputStream","commander","flush","command",
"ForkOutputStream","commander","close","command",
"FormFieldValidator","commander","FormFieldValidator","constructor",
"FormFieldValidator","commander","FormFieldValidator","constructor",
"FormFieldValidator","commander","FormFieldValidator","constructor",
"FormFieldValidator","commander","FormFieldValidator","constructor",
"FormFieldValidator","commander","FormFieldValidator","constructor",
"FormFieldValidator","commander","process","command",
"FormFieldValidator","commander","getFileParameter","property non-void-command factory collaborator",
"FormFieldValidator","commander","ok","command",
"FormFieldValidator","commander","respond","command",
"FormFieldValidator","commander","error","command",
"FormFieldValidator","commander","warning","command",
"FormFieldValidator","commander","ok","command",
"FormFieldValidator","commander","error","command collaborator",
"FormFieldValidator","commander","warning","command collaborator",
"FormFieldValidator","commander","ok","command collaborator",
"FormFieldValidator","commander","errorWithMarkup","command",
"FormFieldValidator","commander","warningWithMarkup","command",
"FormFieldValidator","commander","okWithMarkup","command",
"FormFieldValidator","commander","_errorWithMarkup","command",
"PrivateKeyProvider","entity boundary","getKeys","property wrapper",
"PrivateKeyProvider","entity boundary","hasKeys","predicate non-void-command",
"PrivateKeyProvider","entity boundary","readFromDefaultLocations","predicate non-void-command collaborator",
"PrivateKeyProvider","entity boundary","readFrom","command collaborator",
"RSAConfidentialKey","entity boundary","RSAConfidentialKey","constructor",
"RSAConfidentialKey","entity boundary","RSAConfidentialKey","constructor",
"RSAConfidentialKey","entity boundary","getPrivateKey","get non-void-command collaborator",
"RSAConfidentialKey","entity boundary","getPublicKey","get non-void-command collaborator",
"RSAConfidentialKey","entity boundary","getEncodedPublicKey","property non-void-command",
"Graph","entity commander boundary","Graph","constructor",
"Graph","entity commander boundary","Graph","constructor",
"Graph","entity commander boundary","render","property non-void-command collaborator",
"Graph","entity commander boundary","doPng","command collaborator",
"Graph","entity commander boundary","doMap","command collaborator",
"Builder<V>","boundary","withAttempts","get set collaborator",
"Builder<V>","boundary","withDelay","get set collaborator",
"Builder<V>","boundary","withDuringActionExceptions","get set collaborator",
"Builder<V>","boundary","withDuringActionExceptionListener","get set collaborator",
"Builder<V>","boundary","Builder","constructor",
"Builder<V>","boundary","build","property factory collaborator",
"HeadBufferingStream","unclassified","HeadBufferingStream","constructor",
"HeadBufferingStream","unclassified","read","property non-void-command",
"HeadBufferingStream","unclassified","read","property non-void-command",
"HeadBufferingStream","unclassified","space","property non-void-command",
"HeadBufferingStream","unclassified","fillSide","command",
"HeadBufferingStream","unclassified","getSideBuffer","property non-void-command",
"GlobalQuietPeriodConfiguration","degenerate","getQuietPeriod","property non-void-command",
"GlobalQuietPeriodConfiguration","degenerate","configure","controller stateless",
"GlobalQuietPeriodConfiguration","degenerate","getRequiredGlobalConfigPagePermission","collaborator incidental",
"HeapSpaceStringConverter","degenerate small-class","canConvert","controller stateless",
"HeapSpaceStringConverter","degenerate small-class","fromString","collaborator incidental",
"HudsonFailedToLoad","empty","HudsonFailedToLoad","constructor",
"HudsonIsLoading","pure-controller small-class","doDynamic","controller",
"DelegatingComputerLauncherTest","pure-controller degenerate small-class","testRecursionAvoidance","controller stateless",
"HudsonIsRestarting","small-class","HudsonIsRestarting","constructor",
"HudsonIsRestarting","small-class","HudsonIsRestarting","constructor",
"HudsonIsRestarting","small-class","doDynamic","controller",
"HudsonIsRestarting","small-class","isSafeRestart","get",
"ComboBoxModel","pure-controller small-class","ComboBoxModel","constructor",
"ComboBoxModel","pure-controller small-class","ComboBoxModel","constructor",
"ComboBoxModel","pure-controller small-class","ComboBoxModel","constructor",
"ComboBoxModel","pure-controller small-class","ComboBoxModel","constructor",
"ComboBoxModel","pure-controller small-class","generateResponse","controller",
"IncompatibleAntVersionDetected","small-class","IncompatibleAntVersionDetected","constructor",
"IncompatibleAntVersionDetected","small-class","getMessage","property non-void-command",
"IncompatibleAntVersionDetected","small-class","getWhereAntIsLoaded","property wrapper",
"BasicHeaderProcessor","commander boundary","init","empty",
"BasicHeaderProcessor","commander boundary","setAuthenticationEntryPoint","set collaborator",
"BasicHeaderProcessor","commander boundary","setRememberMeServices","set collaborator",
"BasicHeaderProcessor","commander boundary","doFilter","command collaborator",
"BasicHeaderProcessor","commander boundary","authenticationIsRequired","controller stateless",
"BasicHeaderProcessor","commander boundary","success","command collaborator",
"BasicHeaderProcessor","commander boundary","fail","command collaborator",
"BasicHeaderProcessor","commander boundary","all","wrapper stateless",
"BasicHeaderProcessor","commander boundary","destroy","empty",
"Resource","unclassified","Resource","copy-constructor",
"Resource","unclassified","Resource","copy-constructor",
"Resource","unclassified","Resource","constructor",
"Resource","unclassified","isCollidingWith","predicate non-void-command",
"Resource","unclassified","equals","predicate non-void-command collaborator",
"Resource","unclassified","hashCode","property non-void-command",
"Resource","unclassified","toString","property controller",
"IncompatibleVMDetected","boundary degenerate small-class","getSystemProperties","wrapper stateless",
"InsufficientPermissionDetected","empty","InsufficientPermissionDetected","constructor",
"InterceptingProxy","pure-controller degenerate small-class","wrap","controller stateless",
"ANTLRException","empty","ANTLRException","constructor",
"ANTLRException","empty","ANTLRException","constructor",
"ANTLRException","empty","ANTLRException","constructor",
"HistoryWidget<OextendsModelObject,T>","boundary","HistoryWidget","constructor",
"HistoryWidget<OextendsModelObject,T>","boundary","getOwnerUrl","get",
"HistoryWidget<OextendsModelObject,T>","boundary","getDisplayName","property wrapper",
"HistoryWidget<OextendsModelObject,T>","boundary","getUrlName","incidental",
"HistoryWidget<OextendsModelObject,T>","boundary","getFirstTransientBuildKey","get",
"HistoryWidget<OextendsModelObject,T>","boundary","updateFirstTransientBuildKey","property non-void-command collaborator",
"HistoryWidget<OextendsModelObject,T>","boundary","updateFirstTransientBuildKey","property non-void-command collaborator",
"HistoryWidget<OextendsModelObject,T>","boundary","getRenderList","property non-void-command collaborator",
"HistoryWidget<OextendsModelObject,T>","boundary","toPageEntries","factory controller stateless",
"HistoryWidget<OextendsModelObject,T>","boundary","getHistoryPageFilter","property non-void-command collaborator",
"HistoryWidget<OextendsModelObject,T>","boundary","newPageFilter","factory controller",
"HistoryWidget<OextendsModelObject,T>","boundary","isTrimmed","get",
"HistoryWidget<OextendsModelObject,T>","boundary","setTrimmed","set",
"HistoryWidget<OextendsModelObject,T>","boundary","doAjax","command collaborator",
"HistoryWidget<OextendsModelObject,T>","boundary","getNextBuildNumberToFetch","get",
"HistoryWidget<OextendsModelObject,T>","boundary","setNextBuildNumberToFetch","set",
"HistoryWidget<OextendsModelObject,T>","boundary","getPagingParam","controller stateless",
"ClearQueueCommand","boundary degenerate small-class","getShortDescription","wrapper stateless",
"ClearQueueCommand","boundary degenerate small-class","run","wrapper stateless",
"EnvironmentVariablesNodeProperty","data-provider boundary","EnvironmentVariablesNodeProperty","constructor",
"EnvironmentVariablesNodeProperty","data-provider boundary","EnvironmentVariablesNodeProperty","constructor",
"EnvironmentVariablesNodeProperty","data-provider boundary","getEnvVars","get collaborator",
"EnvironmentVariablesNodeProperty","data-provider boundary","getEnv","property non-void-command collaborator",
"EnvironmentVariablesNodeProperty","data-provider boundary","setUp","property wrapper",
"EnvironmentVariablesNodeProperty","data-provider boundary","buildEnvVars","controller",
"JVMBuilder","boundary","classpath","get collaborator",
"JVMBuilder","boundary","systemProperty","get non-void-command",
"JVMBuilder","boundary","systemProperties","get",
"JVMBuilder","boundary","systemProperties","get non-void-command",
"JVMBuilder","boundary","args","get collaborator",
"JVMBuilder","boundary","vmopts","get collaborator",
"JVMBuilder","boundary","pwd","get set collaborator",
"JVMBuilder","boundary","debug","get non-void-command",
"JVMBuilder","boundary","pwd","property non-void-command collaborator",
"JVMBuilder","boundary","mainClass","get set",
"JVMBuilder","boundary","mainClass","property non-void-command collaborator",
"JVMBuilder","boundary","toFullArguments","non-void-command factory collaborator",
"JVMBuilder","boundary","launch","property non-void-command collaborator",
"JenkinsReloadFailed","empty","JenkinsReloadFailed","constructor",
"LastSuccessColumn","empty","LastSuccessColumn","constructor",
"IsOverriddenTest","commander boundary degenerate","isOverriddenTest","wrapper stateless",
"IsOverriddenTest","commander boundary degenerate","isOverriddenNegativeTest","wrapper stateless",
"IsOverriddenTest","commander boundary degenerate","badHierarchyIsReported","wrapper stateless",
"IsOverriddenTest","commander boundary degenerate","avoidPrivateMethodsInspection","wrapper stateless",
"IsOverriddenTest","commander boundary degenerate","finalOverrides","command",
"IsOverriddenTest","commander boundary degenerate","baseInterface","command",
"RememberMeServicesSpringImpl","entity commander boundary","RememberMeServicesSpringImpl","constructor",
"RememberMeServicesSpringImpl","entity commander boundary","autoLogin","property non-void-command collaborator",
"RememberMeServicesSpringImpl","entity commander boundary","loginFail","command collaborator",
"RememberMeServicesSpringImpl","entity commander boundary","loginSuccess","command collaborator",
"AccessDeniedHandlerImpl","pure-controller degenerate small-class","handle","controller stateless",
"LogTaskListener","small-class","LogTaskListener","constructor",
"LogTaskListener","small-class","getLogger","property non-void-command collaborator",
"LogTaskListener","small-class","close","command",
"MaskingClassLoader","boundary","MaskingClassLoader","constructor",
"MaskingClassLoader","boundary","MaskingClassLoader","constructor",
"MaskingClassLoader","boundary","loadClass","property non-void-command collaborator",
"MaskingClassLoader","boundary","getResource","property non-void-command collaborator",
"MaskingClassLoader","boundary","getResources","property non-void-command collaborator",
"MaskingClassLoader","boundary","isMasked","predicate controller",
"MultipartFormDataParser","entity boundary","MultipartFormDataParser","constructor",
"MultipartFormDataParser","entity boundary","MultipartFormDataParser","constructor",
"MultipartFormDataParser","entity boundary","MultipartFormDataParser","constructor",
"MultipartFormDataParser","entity boundary","get","property non-void-command collaborator",
"MultipartFormDataParser","entity boundary","getFileItem2","property non-void-command collaborator",
"MultipartFormDataParser","entity boundary","getFileItem","property non-void-command collaborator",
"MultipartFormDataParser","entity boundary","cleanUp","command collaborator",
"MultipartFormDataParser","entity boundary","close","command",
"AbstractItem","unclassified","AbstractItem","constructor",
"AbstractItem","unclassified","getName","get",
"AbstractItem","unclassified","getPronoun","property wrapper",
"AbstractItem","unclassified","getTaskNoun","property wrapper",
"AbstractItem","unclassified","getDisplayName","get property non-void-command",
"AbstractItem","unclassified","getDisplayNameOrNull","get",
"AbstractItem","unclassified","setDisplayNameOrNull","command",
"AbstractItem","unclassified","setDisplayName","set",
"AbstractItem","unclassified","getRootDir","property non-void-command collaborator",
"AbstractItem","unclassified","getParent","get non-void-command collaborator",
"AbstractItem","unclassified","getDescription","get",
"AbstractItem","unclassified","setDescription","set",
"AbstractItem","unclassified","doSetName","set",
"AbstractItem","unclassified","isNameEditable","incidental",
"AbstractItem","unclassified","doConfirmRename","property non-void-command collaborator",
"AbstractItem","unclassified","doCheckNewName","property non-void-command collaborator",
"AbstractItem","unclassified","checkIfNameIsUsed","command collaborator",
"AbstractItem","unclassified","checkRename","empty",
"AbstractItem","unclassified","renameTo","command collaborator",
"AbstractItem","unclassified","movedTo","controller",
"AbstractItem","unclassified","getFullName","property non-void-command",
"AbstractItem","unclassified","getFullDisplayName","property non-void-command",
"AbstractItem","unclassified","getRelativeDisplayNameFrom","property wrapper",
"AbstractItem","unclassified","getRelativeNameFromGroup","property non-void-command collaborator",
"AbstractItem","unclassified","onLoad","set",
"AbstractItem","unclassified","onCopiedFrom","empty",
"AbstractItem","unclassified","getUrl","property non-void-command",
"AbstractItem","unclassified","getShortUrl","property non-void-command",
"AbstractItem","unclassified","getSearchUrl","property non-void-command",
"AbstractItem","unclassified","getAbsoluteUrl","property set",
"AbstractItem","unclassified","getApi","property factory collaborator",
"AbstractItem","unclassified","getACL","property non-void-command collaborator",
"AbstractItem","unclassified","save","command",
"AbstractItem","unclassified","getConfigFile","property wrapper",
"AbstractItem","unclassified","writeReplace","property wrapper",
"AbstractItem","unclassified","doSubmitDescription","command collaborator",
"AbstractItem","unclassified","doDoDelete","command collaborator",
"AbstractItem","unclassified","delete","command collaborator",
"AbstractItem","unclassified","delete","command collaborator",
"AbstractItem","unclassified","performDelete","command",
"AbstractItem","unclassified","doConfigDotXml","command collaborator",
"AbstractItem","unclassified","writeConfigDotXml","command collaborator",
"AbstractItem","unclassified","updateByXml","command collaborator",
"AbstractItem","unclassified","updateByXml","command collaborator",
"AbstractItem","unclassified","doReload","command",
"AbstractItem","unclassified","load","command",
"AbstractItem","unclassified","getSearchName","property non-void-command",
"AbstractItem","unclassified","toString","property non-void-command",
"AbstractItem","unclassified","getTarget","get property non-void-command collaborator",
"ProxyInjector","entity boundary","injectMembers","command collaborator",
"ProxyInjector","entity boundary","getMembersInjector","property non-void-command collaborator",
"ProxyInjector","entity boundary","getMembersInjector","property non-void-command collaborator",
"ProxyInjector","entity boundary","getBindings","property non-void-command collaborator",
"ProxyInjector","entity boundary","getAllBindings","property non-void-command collaborator",
"ProxyInjector","entity boundary","getBinding","property non-void-command collaborator",
"ProxyInjector","entity boundary","getBinding","property non-void-command collaborator",
"ProxyInjector","entity boundary","getExistingBinding","property non-void-command collaborator",
"ProxyInjector","entity boundary","findBindingsByType","property non-void-command collaborator",
"ProxyInjector","entity boundary","getProvider","property non-void-command collaborator",
"ProxyInjector","entity boundary","getProvider","property non-void-command collaborator",
"ProxyInjector","entity boundary","getInstance","property non-void-command collaborator",
"ProxyInjector","entity boundary","getInstance","property non-void-command collaborator",
"ProxyInjector","entity boundary","getParent","property non-void-command collaborator",
"ProxyInjector","entity boundary","createChildInjector","property non-void-command collaborator",
"ProxyInjector","entity boundary","createChildInjector","property non-void-command collaborator",
"ProxyInjector","entity boundary","getScopeBindings","property non-void-command collaborator",
"ProxyInjector","entity boundary","getTypeConverterBindings","property non-void-command collaborator",
"ProxyInjector","entity boundary","getElements","property non-void-command collaborator",
"ProxyInjector","entity boundary","getAllMembersInjectorInjectionPoints","property non-void-command collaborator",
"PluginServletFilter","commander boundary","init","command collaborator",
"PluginServletFilter","commander boundary","doFilter","command collaborator",
"PluginServletFilter","commander boundary","destroy","command collaborator",
"NoOverlapCategoryAxis","entity boundary small-class","NoOverlapCategoryAxis","constructor",
"NoOverlapCategoryAxis","entity boundary small-class","drawCategoryLabels","property non-void-command collaborator",
"LastDurationColumn","empty","LastDurationColumn","constructor",
"PersistedList<T>","boundary","PersistedList","constructor",
"PersistedList<T>","boundary","PersistedList","constructor",
"PersistedList<T>","boundary","PersistedList","constructor",
"PersistedList<T>","boundary","setOwner","set collaborator",
"PersistedList<T>","boundary","add","predicate non-void-command collaborator",
"PersistedList<T>","boundary","addAll","predicate non-void-command collaborator",
"PersistedList<T>","boundary","replaceBy","command collaborator",
"PersistedList<T>","boundary","get","property non-void-command collaborator",
"PersistedList<T>","boundary","get","property controller",
"PersistedList<T>","boundary","getAll","factory controller",
"PersistedList<T>","boundary","size","property non-void-command",
"PersistedList<T>","boundary","remove","command collaborator",
"PersistedList<T>","boundary","replace","command collaborator",
"PersistedList<T>","boundary","remove","predicate non-void-command collaborator",
"PersistedList<T>","boundary","removeAll","command collaborator",
"PersistedList<T>","boundary","clear","command",
"PersistedList<T>","boundary","iterator","property non-void-command collaborator",
"PersistedList<T>","boundary","onModified","command collaborator",
"PersistedList<T>","boundary","_onModified","command",
"PersistedList<T>","boundary","toList","property non-void-command collaborator",
"PersistedList<T>","boundary","toArray","property non-void-command collaborator",
"PersistedList<T>","boundary","addAllTo","command collaborator",
"PersistedList<T>","boundary","isEmpty","predicate non-void-command",
"PersistedList<T>","boundary","contains","predicate non-void-command collaborator",
"PersistedList<T>","boundary","toString","property non-void-command",
"LineTransformationOutputStream","commander","write","command",
"LineTransformationOutputStream","commander","eol","command",
"LineTransformationOutputStream","commander","write","void-accessor command",
"LineTransformationOutputStream","commander","close","command",
"LineTransformationOutputStream","commander","forceEol","command",
"LineTransformationOutputStream","commander","trimEOL","controller stateless",
"UpdateSiteWarningsMonitor","boundary degenerate","isActivated","predicate non-void-command",
"UpdateSiteWarningsMonitor","boundary degenerate","isSecurity","incidental",
"UpdateSiteWarningsMonitor","boundary degenerate","getActiveCoreWarnings","non-void-command factory collaborator",
"UpdateSiteWarningsMonitor","boundary degenerate","getActivePluginWarningsByPlugin","non-void-command factory collaborator",
"UpdateSiteWarningsMonitor","boundary degenerate","getActiveWarnings","controller stateless",
"UpdateSiteWarningsMonitor","boundary degenerate","doForward","wrapper stateless",
"UpdateSiteWarningsMonitor","boundary degenerate","hasApplicableHiddenWarnings","predicate non-void-command collaborator",
"UpdateSiteWarningsMonitor","boundary degenerate","getRequiredPermission","collaborator incidental",
"UpdateSiteWarningsMonitor","boundary degenerate","getDisplayName","wrapper stateless",
"FreeBSDProcess","data-class small-class","FreeBSDProcess","constructor",
"FreeBSDProcess","data-class small-class","getParent","property wrapper",
"FreeBSDProcess","data-class small-class","getEnvironmentVariables","get set factory collaborator",
"RewindableRotatingFileOutputStreamTest","commander small-class","rotation","command",
"RewindableRotatingFileOutputStreamTest","commander small-class","deletedFolder","command",
"QueryParameterMap","small-class","QueryParameterMap","constructor",
"QueryParameterMap","small-class","QueryParameterMap","constructor",
"QueryParameterMap","small-class","get","property non-void-command",
"QueryParameterMap","small-class","getAll","property non-void-command",
"Retrier<V>","commander boundary small-class","Retrier","constructor",
"Retrier<V>","commander boundary small-class","start","non-void-command collaborator",
"ChannelRule","commander small-class","before","command collaborator",
"ChannelRule","commander small-class","after","command",
"ReopenableFileOutputStream","commander","ReopenableFileOutputStream","constructor",
"ReopenableFileOutputStream","commander","current","get set collaborator",
"ReopenableFileOutputStream","commander","write","command",
"ReopenableFileOutputStream","commander","write","void-accessor command",
"ReopenableFileOutputStream","commander","write","void-accessor command",
"ReopenableFileOutputStream","commander","flush","command",
"ReopenableFileOutputStream","commander","close","command",
"ReopenableFileOutputStream","commander","rewind","set",
"BadCredentialsException","factory controller small-class","BadCredentialsException","constructor",
"BadCredentialsException","factory controller small-class","BadCredentialsException","constructor",
"BadCredentialsException","factory controller small-class","BadCredentialsException","constructor",
"BadCredentialsException","factory controller small-class","toSpring","property factory wrapper",
"SystemInfoLink","boundary degenerate","getIconFileName","incidental",
"SystemInfoLink","boundary degenerate","getDisplayName","wrapper stateless",
"SystemInfoLink","boundary degenerate","getDescription","wrapper stateless",
"SystemInfoLink","boundary degenerate","getRequiredPermission","collaborator incidental",
"SystemInfoLink","boundary degenerate","getUrlName","incidental",
"SystemInfoLink","boundary degenerate","getCategory","collaborator incidental",
"RingBufferLogHandler","unclassified","RingBufferLogHandler","constructor",
"RingBufferLogHandler","unclassified","RingBufferLogHandler","constructor",
"RingBufferLogHandler","unclassified","publish","command collaborator",
"RingBufferLogHandler","unclassified","clear","command",
"RingBufferLogHandler","unclassified","getView","get property factory collaborator",
"RingBufferLogHandler","unclassified","flush","empty",
"RingBufferLogHandler","unclassified","close","empty",
"EnvironmentContributingAction","commander boundary small-class","buildEnvironment","command collaborator",
"EnvironmentContributingAction","commander boundary small-class","buildEnvVars","command collaborator",
"TextFile","unclassified","TextFile","constructor",
"TextFile","unclassified","exists","predicate non-void-command",
"TextFile","unclassified","delete","wrapper",
"TextFile","unclassified","read","property controller",
"TextFile","unclassified","lines","property wrapper",
"TextFile","unclassified","write","command",
"TextFile","unclassified","head","property controller",
"TextFile","unclassified","fastTail","property non-void-command collaborator",
"TextFile","unclassified","fastTail","property non-void-command",
"TextFile","unclassified","readTrim","property non-void-command",
"TextFile","unclassified","toString","property non-void-command",
"RobustCollectionConverter","unclassified","RobustCollectionConverter","constructor",
"RobustCollectionConverter","unclassified","RobustCollectionConverter","constructor",
"RobustCollectionConverter","unclassified","canConvert","predicate non-void-command collaborator",
"RobustCollectionConverter","unclassified","unmarshal","property non-void-command collaborator",
"RobustCollectionConverter","unclassified","populateCollection","controller stateless",
"AccountCreationFailedException","empty","AccountCreationFailedException","constructor",
"ConsoleAnnotationDescriptor","unclassified","ConsoleAnnotationDescriptor","constructor",
"ConsoleAnnotationDescriptor","unclassified","ConsoleAnnotationDescriptor","constructor",
"ConsoleAnnotationDescriptor","unclassified","getDisplayName","property non-void-command",
"ConsoleAnnotationDescriptor","unclassified","hasScript","predicate non-void-command",
"ConsoleAnnotationDescriptor","unclassified","hasStylesheet","predicate non-void-command",
"ConsoleAnnotationDescriptor","unclassified","hasResource","property non-void-command collaborator",
"ConsoleAnnotationDescriptor","unclassified","doScriptJs","command collaborator",
"ConsoleAnnotationDescriptor","unclassified","doStyleCss","command collaborator",
"SequentialExecutionQueue","boundary","SequentialExecutionQueue","constructor",
"SequentialExecutionQueue","boundary","getExecutors","get collaborator",
"SequentialExecutionQueue","boundary","setExecutors","set collaborator",
"SequentialExecutionQueue","boundary","execute","command collaborator",
"SequentialExecutionQueue","boundary","isStarving","predicate non-void-command collaborator",
"SequentialExecutionQueue","boundary","getInProgress","factory controller",
"WorkspaceListener","degenerate small-class","afterDelete","empty",
"WorkspaceListener","degenerate small-class","beforeUse","empty",
"StreamCopyThread","commander small-class","StreamCopyThread","constructor",
"StreamCopyThread","commander small-class","StreamCopyThread","constructor",
"StreamCopyThread","commander small-class","run","command",
"StreamResource","entity boundary","StreamResource","constructor",
"StreamResource","entity boundary","getInputStream","get collaborator",
"StreamResource","entity boundary","equals","predicate non-void-command collaborator",
"StreamResource","entity boundary","hashCode","property non-void-command",
"DefaultSCMCheckoutStrategyImpl","empty","DefaultSCMCheckoutStrategyImpl","constructor",
"TableNestChecker","commander small-class","TableNestChecker","constructor",
"TableNestChecker","commander small-class","TableNestChecker","constructor",
"TableNestChecker","commander small-class","startElement","command collaborator",
"TableNestChecker","commander small-class","endElement","command",
"XStream2","entity boundary small-class","XStream2","constructor",
"XStream2","entity boundary small-class","XStream2","constructor",
"XStream2","entity boundary small-class","XStream2","constructor",
"XStream2","entity boundary small-class","XStream2","constructor",
"XStream2","entity boundary small-class","unmarshal","property non-void-command collaborator",
"XStream2","entity boundary small-class","unmarshal","non-void-command collaborator",
"BuildTrigger","boundary","BuildTrigger","constructor",
"BuildTrigger","boundary","BuildTrigger","constructor",
"BuildTrigger","boundary","BuildTrigger","constructor",
"BuildTrigger","boundary","BuildTrigger","constructor",
"BuildTrigger","boundary","BuildTrigger","constructor",
"BuildTrigger","boundary","getChildProjectsValue","get",
"BuildTrigger","boundary","getThreshold","get property collaborator",
"BuildTrigger","boundary","getChildProjects","property non-void-command collaborator",
"BuildTrigger","boundary","getChildProjects","property non-void-command collaborator",
"BuildTrigger","boundary","getChildProjects","property wrapper",
"BuildTrigger","boundary","getChildJobs","property controller",
"BuildTrigger","boundary","getRequiredMonitorService","collaborator incidental",
"BuildTrigger","boundary","hasSame","predicate non-void-command collaborator",
"BuildTrigger","boundary","hasSame","predicate non-void-command collaborator",
"BuildTrigger","boundary","perform","predicate non-void-command collaborator",
"BuildTrigger","boundary","buildDependencyGraph","command collaborator",
"BuildTrigger","boundary","needsToRunAfterFinalized","incidental",
"BuildTrigger","boundary","onJobRenamed","predicate non-void-command",
"BuildTrigger","boundary","readResolve","get property set collaborator",
"CompatibilityMapper","entity boundary small-class","CompatibilityMapper","constructor",
"CompatibilityMapper","entity boundary small-class","realClass","property non-void-command collaborator",
"AssociatedConverterImpl","entity boundary","AssociatedConverterImpl","constructor",
"AssociatedConverterImpl","entity boundary","findConverter","property non-void-command collaborator",
"AssociatedConverterImpl","entity boundary","computeConverter","get property non-void-command collaborator",
"AssociatedConverterImpl","entity boundary","canConvert","predicate non-void-command collaborator",
"AssociatedConverterImpl","entity boundary","marshal","command collaborator",
"AssociatedConverterImpl","entity boundary","unmarshal","property non-void-command collaborator",
"SecretRewriterTest","commander boundary","singleFileRewrite","command",
"SecretRewriterTest","commander boundary","roundtrip","property non-void-command collaborator",
"SecretRewriterTest","commander boundary","encryptOld","controller stateless",
"SecretRewriterTest","commander boundary","encryptNew","wrapper stateless",
"SecretRewriterTest","commander boundary","recursionDetection","command",
"PassthruConverter<T>","entity boundary","PassthruConverter","constructor",
"PassthruConverter<T>","entity boundary","canConvert","collaborator incidental",
"PassthruConverter<T>","entity boundary","marshal","command collaborator",
"PassthruConverter<T>","entity boundary","unmarshal","property non-void-command collaborator",
"SimplePageDecorator","small-class","SimplePageDecorator","constructor",
"SimplePageDecorator","small-class","getDescriptor","get collaborator",
"SimplePageDecorator","small-class","getUrl","property non-void-command",
"CoreUpdateMonitor","boundary degenerate","getDisplayName","wrapper stateless",
"CoreUpdateMonitor","boundary degenerate","isActivated","predicate non-void-command collaborator",
"CoreUpdateMonitor","boundary degenerate","getData","controller stateless",
"CoreUpdateMonitor","boundary degenerate","getRequiredPermission","collaborator incidental",
"PluginClassOwnership","boundary data-class small-class","ownerOf","property set collaborator",
"OuterClassWithPublicFinalField","data-provider data-class small-class","getMyField","get",
"Archiver","data-provider data-class small-class","countEntries","get",
"ArchiverFactory","boundary degenerate small-class","create","wrapper stateless",
"ReopenableRotatingFileOutputStream","entity boundary","ReopenableRotatingFileOutputStream","constructor",
"ReopenableRotatingFileOutputStream","entity boundary","getNumberedFileName","get property non-void-command factory collaborator",
"ReopenableRotatingFileOutputStream","entity boundary","rewind","command collaborator",
"ReopenableRotatingFileOutputStream","entity boundary","deleteAll","command",
"DirScanner","pure-controller degenerate small-class","scanSingle","controller stateless",
"RewindableRotatingFileOutputStream","entity boundary","RewindableRotatingFileOutputStream","constructor",
"RewindableRotatingFileOutputStream","entity boundary","getNumberedFileName","get property non-void-command factory collaborator",
"RewindableRotatingFileOutputStream","entity boundary","rewind","command collaborator",
"RewindableRotatingFileOutputStream","entity boundary","deleteAll","command",
"TarArchiver","commander","TarArchiver","constructor",
"TarArchiver","commander","visitSymlink","command",
"TarArchiver","commander","understandsSymlink","incidental",
"TarArchiver","commander","visit","command",
"TarArchiver","commander","close","command",
"AbstractCloudSlave","commander boundary small-class","AbstractCloudSlave","constructor",
"AbstractCloudSlave","commander boundary small-class","AbstractCloudSlave","constructor",
"AbstractCloudSlave","commander boundary small-class","AbstractCloudSlave","constructor",
"AbstractCloudSlave","commander boundary small-class","terminate","command collaborator",
"ZipArchiver","commander small-class","ZipArchiver","constructor",
"ZipArchiver","commander small-class","ZipArchiver","constructor",
"ZipArchiver","commander small-class","visit","command",
"ZipArchiver","commander small-class","close","command",
"MorphTagLibrary","controller small-class","createTag","collaborator incidental",
"MorphTagLibrary","controller small-class","createTagScript","property factory controller",
"JenkinsHeader","degenerate small-class","isEnabled","incidental",
"DisabledException","factory controller small-class","DisabledException","constructor",
"DisabledException","factory controller small-class","DisabledException","constructor",
"DisabledException","factory controller small-class","DisabledException","constructor",
"DisabledException","factory controller small-class","toSpring","property factory wrapper",
"InitializationErrorInvocationHandler","controller small-class","InitializationErrorInvocationHandler","constructor",
"InitializationErrorInvocationHandler","controller small-class","invoke","property controller",
"Uptime","boundary","getStartTime","get",
"Uptime","boundary","getUptime","property wrapper",
"Uptime","boundary","init","command",
"Uptime","boundary","getDisplayName","incidental",
"Uptime","boundary","getStart","wrapper stateless",
"Uptime","boundary","getEnd","wrapper stateless",
"Uptime","boundary","createContent","property non-void-command factory collaborator",
"CliLink","boundary degenerate","getIconFileName","incidental",
"CliLink","boundary degenerate","getDisplayName","wrapper stateless",
"CliLink","boundary degenerate","getDescription","wrapper stateless",
"CliLink","boundary degenerate","getRequiredPermission","collaborator incidental",
"CliLink","boundary degenerate","getUrlName","incidental",
"CliLink","boundary degenerate","getCategory","collaborator incidental",
"SecurityConfiguration","boundary degenerate","getDisplayName","incidental",
"SecurityConfiguration","boundary degenerate","getStart","wrapper stateless",
"SecurityConfiguration","boundary degenerate","getEnd","wrapper stateless",
"SecurityConfiguration","boundary degenerate","createContent","non-void-command factory collaborator",
"XStreamDOMTest","commander boundary","setUp","set",
"XStreamDOMTest","commander boundary","testMarshal","command",
"XStreamDOMTest","commander boundary","getTestData1","property non-void-command",
"XStreamDOMTest","commander boundary","getTestData","wrapper stateless",
"XStreamDOMTest","commander boundary","createSomeFoo","factory wrapper stateless",
"XStreamDOMTest","commander boundary","testUnmarshal","command collaborator",
"XStreamDOMTest","commander boundary","testWriteToDOM","command",
"XStreamDOMTest","commander boundary","testNoChild","command",
"XStreamDOMTest","commander boundary","testNameEscape","command collaborator",
"XStreamDOMTest","commander boundary","testDomInMap","command collaborator",
"XStreamDOMTest","commander boundary","assertXStreamDOMEquals","command collaborator",
"XStreamDOMTest","commander boundary","readFromInputStream","command collaborator",
"XStreamDOMTest","commander boundary","escapeHandling","command",
"XStreamDOMTest","commander boundary","assertNamesAreEscaped","controller stateless",
"RegistryKey","unclassified","RegistryKey","constructor",
"RegistryKey","unclassified","RegistryKey","copy-constructor",
"RegistryKey","unclassified","getStringValue","property non-void-command",
"RegistryKey","unclassified","getIntValue","property non-void-command",
"RegistryKey","unclassified","getValue","property controller",
"RegistryKey","unclassified","deleteValue","wrapper",
"RegistryKey","unclassified","check","stateless",
"RegistryKey","unclassified","setValue","controller",
"RegistryKey","unclassified","setValue","wrapper",
"RegistryKey","unclassified","valueExists","predicate controller",
"RegistryKey","unclassified","delete","command",
"RegistryKey","unclassified","getSubKeys","factory controller",
"RegistryKey","unclassified","open","property non-void-command",
"RegistryKey","unclassified","openReadonly","property non-void-command",
"RegistryKey","unclassified","open","property factory controller",
"RegistryKey","unclassified","getValues","non-void-command factory collaborator",
"RegistryKey","unclassified","dispose","set",
"RegistryKey","unclassified","close","command",
"PlainTextConsoleOutputStream","small-class","PlainTextConsoleOutputStream","constructor",
"PlainTextConsoleOutputStream","small-class","eol","void-accessor command",
"NoHomeDir","empty","NoHomeDir","constructor",
"ImmutableMapConverter","entity boundary degenerate","ImmutableMapConverter","constructor",
"ImmutableMapConverter","entity boundary degenerate","ImmutableMapConverter","constructor",
"ImmutableMapConverter","entity boundary degenerate","canConvert","wrapper stateless",
"ImmutableMapConverter","entity boundary degenerate","unmarshal","property non-void-command collaborator",
"ImmutableMapConverter","entity boundary degenerate","createCollection","factory collaborator stateless",
"NoFingerprintMatch","data-provider data-class small-class","NoFingerprintMatch","constructor",
"NoFingerprintMatch","data-provider data-class small-class","getDisplayName","get",
"ImmutableSetConverter","entity boundary degenerate","ImmutableSetConverter","constructor",
"ImmutableSetConverter","entity boundary degenerate","ImmutableSetConverter","constructor",
"ImmutableSetConverter","entity boundary degenerate","canConvert","wrapper stateless",
"ImmutableSetConverter","entity boundary degenerate","unmarshal","property non-void-command collaborator",
"ImmutableSetConverter","entity boundary degenerate","createCollection","factory collaborator stateless",
"GraphTest","boundary small-class","testDimensions","wrapper",
"ImmutableSortedSetConverter","entity boundary degenerate","ImmutableSortedSetConverter","constructor",
"ImmutableSortedSetConverter","entity boundary degenerate","ImmutableSortedSetConverter","constructor",
"ImmutableSortedSetConverter","entity boundary degenerate","canConvert","wrapper stateless",
"ImmutableSortedSetConverter","entity boundary degenerate","unmarshal","property non-void-command collaborator",
"ImmutableSortedSetConverter","entity boundary degenerate","createCollection","factory collaborator stateless",
"DefaultMyViewsTabBar","empty","DefaultMyViewsTabBar","constructor",
"DefaultViewsTabBar","empty","DefaultViewsTabBar","constructor",
"GlobalDefaultViewConfiguration","pure-controller degenerate small-class","configure","controller stateless",
"IdStrategyTest","controller degenerate","caseInsensitive","command collaborator",
"IdStrategyTest","controller degenerate","caseInsensitivePassesThroughOldLegacy","controller stateless",
"IdStrategyTest","controller degenerate","caseSensitive","command collaborator",
"IdStrategyTest","controller degenerate","caseSensitivePassesThroughOldLegacy","controller stateless",
"IdStrategyTest","controller degenerate","testEqualsCaseInsensitive","controller stateless",
"IdStrategyTest","controller degenerate","testEqualsCaseSensitive","controller stateless",
"IdStrategyTest","controller degenerate","testEqualsCaseSensitiveEmailAddress","controller stateless",
"IdStrategyTest","controller degenerate","testKeyForCaseInsensitive","controller stateless",
"IdStrategyTest","controller degenerate","testKeyForCaseSensitive","controller stateless",
"IdStrategyTest","controller degenerate","testKeyForCaseSensitiveEmailAddress","controller stateless",
"IdStrategyTest","controller degenerate","testCompareCaseInsensitive","controller stateless",
"IdStrategyTest","controller degenerate","testCompareCaseSensitive","controller stateless",
"IdStrategyTest","controller degenerate","testCompareCaseSensitiveEmail","controller stateless",
"IdStrategyTest","controller degenerate","assertRestrictedNames","controller stateless",
"JavaSystemProperties","boundary degenerate","getProperties","property controller",
"JavaSystemProperties","boundary degenerate","getDisplayName","incidental",
"JavaSystemProperties","boundary degenerate","getStart","wrapper stateless",
"JavaSystemProperties","boundary degenerate","getEnd","wrapper stateless",
"JavaSystemProperties","boundary degenerate","createContent","non-void-command factory collaborator",
"TopLevelItemDescriptor","entity boundary","TopLevelItemDescriptor","constructor",
"TopLevelItemDescriptor","entity boundary","TopLevelItemDescriptor","constructor",
"TopLevelItemDescriptor","entity boundary","isApplicable","collaborator incidental",
"TopLevelItemDescriptor","entity boundary","isApplicableIn","collaborator incidental",
"TopLevelItemDescriptor","entity boundary","checkApplicableIn","command collaborator",
"TopLevelItemDescriptor","entity boundary","testInstance","predicate non-void-command collaborator",
"TopLevelItemDescriptor","entity boundary","getDisplayName","property non-void-command",
"TopLevelItemDescriptor","entity boundary","getDescription","property non-void-command collaborator",
"TopLevelItemDescriptor","entity boundary","getCategoryId","incidental",
"TopLevelItemDescriptor","entity boundary","getIconFilePathPattern","incidental",
"TopLevelItemDescriptor","entity boundary","getIconFilePath","property non-void-command",
"TopLevelItemDescriptor","entity boundary","getIconClassName","property non-void-command collaborator",
"TopLevelItemDescriptor","entity boundary","newInstance","collaborator stateless",
"TopLevelItemDescriptor","entity boundary","newInstance","property non-void-command factory collaborator",
"JobColumn","empty","JobColumn","constructor",
"LastStableColumn","empty","LastStableColumn","constructor",
"ListViewColumnDescriptor","degenerate small-class","shownByDefault","incidental",
"GrantedAuthoritySid","data-provider","GrantedAuthoritySid","constructor",
"GrantedAuthoritySid","data-provider","GrantedAuthoritySid","constructor",
"GrantedAuthoritySid","data-provider","GrantedAuthoritySid","constructor",
"GrantedAuthoritySid","data-provider","getGrantedAuthority","get",
"GrantedAuthoritySid","data-provider","equals","predicate wrapper",
"GrantedAuthoritySid","data-provider","hashCode","property non-void-command",
"GrantedAuthoritySid","data-provider","toString","get",
"MyViewsTabBar","controller small-class","getDescriptor","property non-void-command collaborator",
"MyViewsTabBar","controller small-class","sort","factory controller stateless",
"StatusColumn","empty","StatusColumn","constructor",
"StatusFilter","controller small-class","StatusFilter","constructor",
"StatusFilter","controller small-class","filter","factory controller",
"StatusFilter","controller small-class","getStatusFilter","get",
"ConsoleUrlProviderUserProperty","boundary data-class small-class","ConsoleUrlProviderUserProperty","constructor",
"ConsoleUrlProviderUserProperty","boundary data-class small-class","getProviders","get collaborator",
"ConsoleUrlProviderUserProperty","boundary data-class small-class","setProviders","set collaborator",
"ReverseBuildTrigger","entity boundary","ReverseBuildTrigger","constructor",
"ReverseBuildTrigger","entity boundary","ReverseBuildTrigger","constructor",
"ReverseBuildTrigger","entity boundary","getUpstreamProjects","property wrapper",
"ReverseBuildTrigger","entity boundary","getThreshold","get collaborator",
"ReverseBuildTrigger","entity boundary","setThreshold","set collaborator",
"ReverseBuildTrigger","entity boundary","shouldTrigger","predicate non-void-command collaborator",
"ReverseBuildTrigger","entity boundary","buildDependencyGraph","command collaborator",
"ReverseBuildTrigger","entity boundary","start","command",
"ReverseBuildTrigger","entity boundary","stop","command",
"AgentProtocol","degenerate","isOptIn","incidental",
"AgentProtocol","degenerate","isRequired","incidental",
"AgentProtocol","degenerate","isDeprecated","incidental",
"AgentProtocol","degenerate","getDisplayName","wrapper stateless",
"DailyCheck","unclassified","DailyCheck","constructor",
"DailyCheck","unclassified","getRecurrencePeriod","get",
"DailyCheck","unclassified","getInitialDelay","property",
"DailyCheck","unclassified","execute","command collaborator",
"ErrorAttributeFilter","pure-controller degenerate","doFilter","controller",
"ErrorAttributeFilter","pure-controller degenerate","destroy","empty",
"ErrorAttributeFilter","pure-controller degenerate","init","empty",
"FingerprintStorage","unclassified","cleanFingerprint","predicate non-void-command collaborator",
"FingerprintStorage","unclassified","getFingerprint","controller stateless",
"FingerprintStorage","unclassified","getDescriptor","property non-void-command collaborator",
"ExtensionRefreshException","empty","ExtensionRefreshException","constructor",
"ExtensionRefreshException","empty","ExtensionRefreshException","constructor",
"ExtensionRefreshException","empty","ExtensionRefreshException","constructor",
"ExtensionRefreshException","empty","ExtensionRefreshException","constructor",
"MetaLocaleDrivenResourceProvider","entity boundary small-class","lookup","property non-void-command collaborator",
"DefaultGlobalSettingsProvider","boundary degenerate small-class","DefaultGlobalSettingsProvider","constructor",
"DefaultGlobalSettingsProvider","boundary degenerate small-class","supplySettings","collaborator incidental",
"MissingDependencyException","data-provider data-class small-class","MissingDependencyException","constructor",
"MissingDependencyException","data-provider data-class small-class","getMissingDependencies","get collaborator",
"MissingDependencyException","data-provider data-class small-class","getPluginShortName","get",
"PluginSubtypeMarker","boundary","process","predicate non-void-command collaborator",
"PluginSubtypeMarker","boundary","getSupportedSourceVersion","wrapper stateless",
"PluginSubtypeMarker","boundary","write","controller stateless",
"PluginSubtypeMarker","boundary","asElement","property non-void-command collaborator",
"JavaVersionRecommendationAdminMonitor","entity boundary degenerate","JavaVersionRecommendationAdminMonitor","constructor",
"JavaVersionRecommendationAdminMonitor","entity boundary degenerate","isActivated","predicate wrapper",
"JavaVersionRecommendationAdminMonitor","entity boundary degenerate","getDisplayName","wrapper stateless",
"JavaVersionRecommendationAdminMonitor","entity boundary degenerate","getRequiredPermission","collaborator incidental",
"JavaVersionRecommendationAdminMonitor","entity boundary degenerate","doAct","property non-void-command factory collaborator",
"JavaVersionRecommendationAdminMonitor","entity boundary degenerate","getJavaVersion","wrapper stateless",
"JavaVersionRecommendationAdminMonitor","entity boundary degenerate","getEndOfLifeAsDate","wrapper stateless",
"JavaVersionRecommendationAdminMonitor","entity boundary degenerate","getSeverityAsString","wrapper stateless",
"UserAgentURLConnectionDecorator","pure-controller small-class","decorate","controller",
"CloudSet","boundary degenerate","getDescriptor","wrapper stateless",
"CloudSet","boundary degenerate","getDynamic","wrapper stateless",
"CloudSet","boundary degenerate","getTarget","get wrapper",
"CloudSet","boundary degenerate","getIconFileName","incidental",
"CloudSet","boundary degenerate","getDisplayName","wrapper stateless",
"CloudSet","boundary degenerate","getUrlName","incidental",
"CloudSet","boundary degenerate","getSearchUrl","incidental",
"CloudSet","boundary degenerate","getCloudUrl","property non-void-command collaborator",
"CloudSet","boundary degenerate","getCloudByIndex","wrapper stateless",
"CloudSet","boundary degenerate","isCloudAvailable","wrapper stateless",
"CloudSet","boundary degenerate","getCloudUpdateCenterCategoryLabel","wrapper stateless",
"CloudSet","boundary degenerate","doChildrenContextMenu","factory wrapper stateless",
"CloudSet","boundary degenerate","getDynamic","wrapper stateless",
"CloudSet","boundary degenerate","getClouds","wrapper stateless",
"CloudSet","boundary degenerate","hasClouds","wrapper stateless",
"CloudSet","boundary degenerate","checkName","controller stateless",
"CloudSet","boundary degenerate","doCheckName","property non-void-command collaborator",
"CloudSet","boundary degenerate","doCreate","command collaborator",
"CloudSet","boundary degenerate","handleNewCloudPage","command collaborator",
"CloudSet","boundary degenerate","doDoCreate","command collaborator",
"CloudSet","boundary degenerate","doReorder","controller stateless",
"CloudsLink","boundary degenerate","getDisplayName","wrapper stateless",
"CloudsLink","boundary degenerate","getDescription","wrapper stateless",
"CloudsLink","boundary degenerate","getIconFileName","incidental",
"CloudsLink","boundary degenerate","getUrlName","incidental",
"CloudsLink","boundary degenerate","getCategory","collaborator incidental",
"CloudsLink","boundary degenerate","getRequiredPermission","collaborator incidental",
"ControllerExecutorsNoAgents","commander boundary degenerate","getDisplayName","wrapper stateless",
"ControllerExecutorsNoAgents","commander boundary degenerate","isSecurity","incidental",
"ControllerExecutorsNoAgents","commander boundary degenerate","doAct","command collaborator",
"ControllerExecutorsNoAgents","commander boundary degenerate","isActivated","wrapper stateless",
"AppearanceCategory","boundary degenerate small-class","getShortDescription","wrapper stateless",
"AppearanceCategory","boundary degenerate small-class","getDisplayName","wrapper stateless",
"AsynchronousAdministrativeMonitor","entity factory controller","isFixingActive","predicate non-void-command",
"AsynchronousAdministrativeMonitor","entity factory controller","getLogText","property non-void-command factory collaborator",
"AsynchronousAdministrativeMonitor","entity factory controller","getLogFile","property non-void-command factory collaborator",
"AsynchronousAdministrativeMonitor","entity factory controller","getBaseDir","factory wrapper stateless",
"AsynchronousAdministrativeMonitor","entity factory controller","start","get non-void-command factory collaborator",
"AppearanceGlobalConfiguration","boundary degenerate","getIconFileName","property wrapper",
"AppearanceGlobalConfiguration","boundary degenerate","getDisplayName","wrapper stateless",
"AppearanceGlobalConfiguration","boundary degenerate","getDescription","wrapper stateless",
"AppearanceGlobalConfiguration","boundary degenerate","getUrlName","incidental",
"AppearanceGlobalConfiguration","boundary degenerate","getCategory","collaborator incidental",
"AppearanceGlobalConfiguration","boundary degenerate","doConfigure","command collaborator",
"AppearanceGlobalConfiguration","boundary degenerate","configure","predicate non-void-command collaborator",
"AppearanceGlobalConfiguration","boundary degenerate","configureDescriptor","controller stateless",
"SafeRestartCommand","data-provider boundary small-class","getShortDescription","wrapper stateless",
"SafeRestartCommand","data-provider boundary small-class","run","property wrapper",
"ListJobsCommand","small-class","getShortDescription","wrapper stateless",
"ListJobsCommand","small-class","run","property controller",
"AdministrativeMonitor","boundary","AdministrativeMonitor","constructor",
"AdministrativeMonitor","boundary","AdministrativeMonitor","constructor",
"AdministrativeMonitor","boundary","getUrl","property",
"AdministrativeMonitor","boundary","getDisplayName","get",
"AdministrativeMonitor","boundary","getSearchUrl","property non-void-command",
"AdministrativeMonitor","boundary","disable","controller",
"AdministrativeMonitor","boundary","isEnabled","predicate wrapper",
"AdministrativeMonitor","boundary","isSecurity","incidental",
"AdministrativeMonitor","boundary","doDisable","command collaborator",
"AdministrativeMonitor","boundary","getRequiredPermission","collaborator incidental",
"AdministrativeMonitor","boundary","getTarget","get non-void-command collaborator",
"Connection","boundary","Connection","constructor",
"Connection","boundary","Connection","constructor",
"Connection","boundary","writeUTF","command",
"Connection","boundary","readUTF","property non-void-command",
"Connection","boundary","writeBoolean","command",
"Connection","boundary","readBoolean","predicate non-void-command",
"Connection","boundary","writeObject","controller",
"Connection","boundary","readObject","property controller",
"Connection","boundary","writeKey","command collaborator",
"Connection","boundary","readKey","property non-void-command factory collaborator",
"Connection","boundary","writeByteArray","void-accessor command",
"Connection","boundary","readByteArray","property non-void-command",
"Connection","boundary","diffieHellman","property non-void-command collaborator",
"Connection","boundary","diffieHellman","property non-void-command collaborator",
"Connection","boundary","encryptConnection","property non-void-command factory collaborator",
"Connection","boundary","createIv","factory controller stateless",
"Connection","boundary","detectKeyAlgorithm","property non-void-command collaborator",
"Connection","boundary","detectKeyAlgorithm","collaborator stateless",
"Connection","boundary","proveIdentity","void-accessor command collaborator",
"Connection","boundary","verifyIdentity","property non-void-command collaborator",
"Connection","boundary","close","command",
"HsErrPidFile","unclassified","HsErrPidFile","constructor",
"HsErrPidFile","unclassified","getName","property non-void-command",
"HsErrPidFile","unclassified","getPath","property non-void-command",
"HsErrPidFile","unclassified","getLastModified","property non-void-command",
"HsErrPidFile","unclassified","getLastModifiedDate","property non-void-command factory collaborator",
"HsErrPidFile","unclassified","getTimeSpanString","property non-void-command",
"HsErrPidFile","unclassified","doDownload","property wrapper",
"HsErrPidFile","unclassified","doDelete","property non-void-command collaborator",
"CompletedInitializationMonitor","degenerate small-class","getDisplayName","wrapper stateless",
"CompletedInitializationMonitor","degenerate small-class","isActivated","controller stateless",
"SecurityIsOffMonitor","commander boundary degenerate","getDisplayName","wrapper stateless",
"SecurityIsOffMonitor","commander boundary degenerate","isActivated","wrapper stateless",
"SecurityIsOffMonitor","commander boundary degenerate","isSecurity","incidental",
"SecurityIsOffMonitor","commander boundary degenerate","doAct","command collaborator",
"RemotingVersionInfoTest","boundary degenerate small-class","shouldLoadEmbeddedVersionByDefault","wrapper stateless",
"RemotingVersionInfoTest","boundary degenerate small-class","shouldLoadMinimumSupportedVersionByDefault","wrapper stateless",
"URICheckEncodingMonitor","entity boundary degenerate","isCheckEnabled","wrapper stateless",
"URICheckEncodingMonitor","entity boundary degenerate","isActivated","incidental",
"URICheckEncodingMonitor","entity boundary degenerate","getDisplayName","wrapper stateless",
"URICheckEncodingMonitor","entity boundary degenerate","doCheckURIEncoding","property non-void-command collaborator",
"FileFingerprintStorage","boundary","FileFingerprintStorage","constructor",
"FileFingerprintStorage","boundary","load","property non-void-command collaborator",
"FileFingerprintStorage","boundary","save","controller stateless",
"FileFingerprintStorage","boundary","delete","command",
"FileFingerprintStorage","boundary","isReady","predicate non-void-command",
"FileFingerprintStorage","boundary","iterateAndCleanupFingerprints","command collaborator",
"FileFingerprintStorage","boundary","cleanFingerprint","predicate non-void-command collaborator",
"FileFingerprintStorage","boundary","deleteIfEmpty","command collaborator",
"FileFingerprintStorage","boundary","loadFingerprint","wrapper stateless",
"FileFingerprintStorage","boundary","getFingerprint","controller stateless",
"FileFingerprintStorage","boundary","getRootDir","property non-void-command collaborator",
"FormElementPathPageDecorator","data-provider data-class small-class","isEnabled","get",
"InstallState","data-provider","InstallState","constructor",
"InstallState","data-provider","initializeState","empty",
"InstallState","data-provider","readResolve","get property non-void-command collaborator",
"InstallState","data-provider","isSetupComplete","get",
"InstallState","data-provider","name","get",
"InstallState","data-provider","hashCode","property non-void-command",
"InstallState","data-provider","equals","predicate non-void-command collaborator",
"InstallState","data-provider","toString","property",
"DirectoryBrowserSupport","unclassified","DirectoryBrowserSupport","constructor",
"DirectoryBrowserSupport","unclassified","DirectoryBrowserSupport","constructor",
"DirectoryBrowserSupport","unclassified","DirectoryBrowserSupport","constructor",
"DirectoryBrowserSupport","unclassified","generateResponse","set collaborator",
"DirectoryBrowserSupport","unclassified","setIndexFileName","set",
"DirectoryBrowserSupport","unclassified","serveFile","command",
"DirectoryBrowserSupport","unclassified","serveFile","command collaborator",
"DirectoryBrowserSupport","unclassified","hasTmpDir","predicate non-void-command collaborator",
"DirectoryBrowserSupport","unclassified","keepReadabilityOnlyOnDescendants","property non-void-command factory collaborator",
"DirectoryBrowserSupport","unclassified","isDescendant","predicate controller",
"DirectoryBrowserSupport","unclassified","getPath","controller stateless",
"DirectoryBrowserSupport","unclassified","buildParentPath","factory controller stateless",
"ChunkedOutputStream","commander","ChunkedOutputStream","constructor",
"ChunkedOutputStream","commander","ChunkedOutputStream","constructor",
"ChunkedOutputStream","commander","flushCache","command",
"ChunkedOutputStream","commander","flushCacheWithAppend","void-accessor command",
"ChunkedOutputStream","commander","writeClosingChunk","command",
"ChunkedOutputStream","commander","finish","command",
"ChunkedOutputStream","commander","write","command",
"ChunkedOutputStream","commander","write","void-accessor command",
"ChunkedOutputStream","commander","write","void-accessor set",
"ChunkedOutputStream","commander","flush","command",
"ChunkedOutputStream","commander","close","command",
"SetupWizard","boundary","SetupWizard","constructor",
"SetupWizard","boundary","getDisplayName","wrapper stateless",
"SetupWizard","boundary","init","command",
"SetupWizard","boundary","createInitialApiToken","command collaborator",
"SetupWizard","boundary","setUpFilter","wrapper",
"SetupWizard","boundary","tearDownFilter","wrapper",
"SetupWizard","boundary","isUsingSecurityToken","predicate non-void-command",
"SetupWizard","boundary","isUsingSecurityDefaults","predicate non-void-command collaborator",
"SetupWizard","boundary","doCreateAdminUser","property non-void-command collaborator",
"SetupWizard","boundary","doConfigureInstance","property non-void-command collaborator",
"SetupWizard","boundary","checkRootUrl","controller stateless",
"SetupWizard","boundary","useRootUrl","command",
"SetupWizard","boundary","setCurrentLevel","controller stateless",
"SetupWizard","boundary","getCurrentLevel","property non-void-command factory collaborator",
"SetupWizard","boundary","doPlatformPluginList","property non-void-command collaborator",
"SetupWizard","boundary","doRestartStatus","controller stateless",
"SetupWizard","boundary","getPlatformPluginUpdates","property non-void-command collaborator",
"SetupWizard","boundary","getPlatformPluginList","property non-void-command collaborator",
"SetupWizard","boundary","getPlatformPluginsForUpdate","property non-void-command collaborator",
"SetupWizard","boundary","getInitialAdminPasswordFile","wrapper stateless",
"SetupWizard","boundary","getInitialAdminApiTokenFile","wrapper stateless",
"SetupWizard","boundary","doCompleteInstall","property non-void-command collaborator",
"SetupWizard","boundary","completeSetup","command",
"SetupWizard","boundary","getInstallStates","wrapper stateless",
"SetupWizard","boundary","getInstallState","wrapper stateless",
"SetupWizard","boundary","onInstallStateUpdate","command collaborator",
"SetupWizard","boundary","hasSetupWizardFilter","predicate wrapper",
"SetupWizard","boundary","checkFilter","command",
"AdministrativeMonitorsDecorator","boundary","AdministrativeMonitorsDecorator","constructor",
"AdministrativeMonitorsDecorator","boundary","getDisplayName","wrapper stateless",
"AdministrativeMonitorsDecorator","boundary","filterNonSecurityAdministrativeMonitors","property non-void-command collaborator",
"AdministrativeMonitorsDecorator","boundary","filterSecurityAdministrativeMonitors","property non-void-command collaborator",
"AdministrativeMonitorsDecorator","boundary","filterActiveAdministrativeMonitors","factory controller stateless",
"AdministrativeMonitorsDecorator","boundary","getNonSecurityAdministrativeMonitors","property non-void-command collaborator",
"AdministrativeMonitorsDecorator","boundary","getSecurityAdministrativeMonitors","property non-void-command collaborator",
"AdministrativeMonitorsDecorator","boundary","getAllActiveAdministrativeMonitors","factory controller stateless",
"AdministrativeMonitorsDecorator","boundary","getMonitorsToDisplay","property non-void-command collaborator",
"Badge","data-provider","Badge","constructor",
"Badge","data-provider","getText","get",
"Badge","data-provider","getTooltip","get",
"Badge","data-provider","getSeverity","property non-void-command",
"RSADigitalSignatureConfidentialKeyTest","commander boundary small-class","dsigSignAndVerify","command collaborator",
"ConsoleLink","boundary degenerate","getIconFileName","incidental",
"ConsoleLink","boundary degenerate","getDisplayName","wrapper stateless",
"ConsoleLink","boundary degenerate","getDescription","wrapper stateless",
"ConsoleLink","boundary degenerate","getUrlName","incidental",
"ConsoleLink","boundary degenerate","getRequiredPermission","collaborator incidental",
"ConsoleLink","boundary degenerate","getCategory","collaborator incidental",
"ToolPropertyDescriptor","empty","ToolPropertyDescriptor","constructor",
"ToolPropertyDescriptor","empty","ToolPropertyDescriptor","constructor",
"EnumConverter","pure-controller degenerate small-class","convert","controller stateless",
"NodesLink","boundary degenerate","getIconFileName","incidental",
"NodesLink","boundary degenerate","getDisplayName","wrapper stateless",
"NodesLink","boundary degenerate","getDescription","wrapper stateless",
"NodesLink","boundary degenerate","getRequiredPermission","collaborator incidental",
"NodesLink","boundary degenerate","getUrlName","incidental",
"NodesLink","boundary degenerate","getCategory","collaborator incidental",
"PluginsLink","boundary degenerate","getIconFileName","incidental",
"PluginsLink","boundary degenerate","getDisplayName","wrapper stateless",
"PluginsLink","boundary degenerate","getDescription","wrapper stateless",
"PluginsLink","boundary degenerate","getUrlName","incidental",
"PluginsLink","boundary degenerate","getRequiredPermission","collaborator incidental",
"PluginsLink","boundary degenerate","getCategory","collaborator incidental",
"PluginsLink","boundary degenerate","getBadge","controller stateless",
"ShutdownLink","commander boundary degenerate","getIconFileName","incidental",
"ShutdownLink","commander boundary degenerate","getDisplayName","wrapper stateless",
"ShutdownLink","commander boundary degenerate","getDescription","wrapper stateless",
"ShutdownLink","commander boundary degenerate","getUrlName","incidental",
"ShutdownLink","commander boundary degenerate","doPrepare","command collaborator",
"ShutdownLink","commander boundary degenerate","doCancel","command collaborator",
"ShutdownLink","commander boundary degenerate","getRequiredPermission","collaborator incidental",
"ShutdownLink","commander boundary degenerate","getCategory","collaborator incidental",
"StatisticsLink","boundary degenerate","getIconFileName","incidental",
"StatisticsLink","boundary degenerate","getDisplayName","wrapper stateless",
"StatisticsLink","boundary degenerate","getDescription","wrapper stateless",
"StatisticsLink","boundary degenerate","getRequiredPermission","collaborator incidental",
"StatisticsLink","boundary degenerate","getUrlName","incidental",
"StatisticsLink","boundary degenerate","getCategory","collaborator incidental",
"ArtifactManagerFactory","entity boundary small-class","getDescriptor","property non-void-command collaborator",
"PeriodicWork","small-class","getInitialDelay","property non-void-command",
"AssetManager","degenerate","getIconFileName","incidental",
"AssetManager","degenerate","getDisplayName","incidental",
"AssetManager","degenerate","getUrlName","incidental",
"AssetManager","degenerate","doDynamic","command collaborator",
"AssetManager","degenerate","findResource","controller stateless",
"PluginWrapperTest","commander boundary","dependencyTest","wrapper stateless",
"PluginWrapperTest","commander boundary","optionalDependencyTest","wrapper stateless",
"PluginWrapperTest","commander boundary","jenkinsCoreTooOld","command collaborator",
"PluginWrapperTest","commander boundary","dependencyNotInstalled","command collaborator",
"PluginWrapperTest","commander boundary","dependencyOutdated","command collaborator",
"PluginWrapperTest","commander boundary","dependencyFailedToLoad","command collaborator",
"PluginWrapperTest","commander boundary","insertJarsIntoClassPath","command",
"PluginWrapperTest","commander boundary","assertInjectingJarsWorks","command collaborator",
"PluginWrapperTest","commander boundary","assertContains","controller stateless",
"PluginWrapperTest","commander boundary","pluginWrapper","factory collaborator stateless",
"PluginWrapperTest","commander boundary","isSnapshot","wrapper stateless",
"BlockedBecauseOfBuildInProgress","small-class","BlockedBecauseOfBuildInProgress","constructor",
"BlockedBecauseOfBuildInProgress","small-class","getShortDescription","property non-void-command",
"BuildDiscarderDescriptor","empty","BuildDiscarderDescriptor","constructor",
"BuildDiscarderDescriptor","empty","BuildDiscarderDescriptor","constructor",
"BuildDiscarderProperty","data-provider boundary data-class small-class","BuildDiscarderProperty","constructor",
"BuildDiscarderProperty","data-provider boundary data-class small-class","getStrategy","get collaborator",
"BuiltInNodeMigration","commander boundary degenerate","isActivated","wrapper stateless",
"BuiltInNodeMigration","commander boundary degenerate","doAct","command",
"BuiltInNodeMigration","commander boundary degenerate","getDisplayName","wrapper stateless",
"CauseOfInterruption","pure-controller degenerate small-class","print","controller stateless",
"ProjectNamingStrategy","unclassified","getDescriptor","property non-void-command collaborator",
"ProjectNamingStrategy","unclassified","checkName","empty",
"ProjectNamingStrategy","unclassified","checkName","command",
"ProjectNamingStrategy","unclassified","isForceExistingJobs","incidental",
"StackedAreaRenderer2","unclassified","StackedAreaRenderer2","constructor",
"StackedAreaRenderer2","unclassified","generateURL","incidental",
"StackedAreaRenderer2","unclassified","generateToolTip","incidental",
"StackedAreaRenderer2","unclassified","getItemPaint","property non-void-command collaborator",
"StackedAreaRenderer2","unclassified","drawItem","command collaborator",
"DefaultUserCanonicalIdResolver","lazy-class degenerate","resolveCanonicalId","controller stateless",
"DefaultUserCanonicalIdResolver","lazy-class degenerate","getPriority","incidental",
"DefaultUserCanonicalIdResolver","lazy-class degenerate","getDescriptor","get collaborator",
"InitializerFinder","pure-controller degenerate","InitializerFinder","constructor",
"InitializerFinder","pure-controller degenerate","InitializerFinder","constructor",
"InitializerFinder","pure-controller degenerate","displayNameOf","controller stateless",
"InitializerFinder","pure-controller degenerate","requiresOf","controller stateless",
"InitializerFinder","pure-controller degenerate","attainsOf","controller stateless",
"InitializerFinder","pure-controller degenerate","afterOf","controller stateless",
"InitializerFinder","pure-controller degenerate","beforeOf","controller stateless",
"InitializerFinder","pure-controller degenerate","fatalOf","controller stateless",
"GlobalBuildDiscarderStrategy","commander small-class","apply","command collaborator",
"GlobalBuildDiscarderStrategy","commander small-class","apply","empty",
"Build","data-provider small-class","Build","constructor",
"Build","data-provider small-class","asserts","unclassified",
"Build","data-provider small-class","toString","property wrapper",
"RobustReflectionConverter","entity minimal-entity boundary","RobustReflectionConverter","constructor",
"RobustReflectionConverter","entity minimal-entity boundary","RobustReflectionConverter","constructor",
"RobustReflectionConverter","entity minimal-entity boundary","addCriticalField","command",
"RobustReflectionConverter","entity minimal-entity boundary","hasCriticalField","predicate non-void-command",
"RobustReflectionConverter","entity minimal-entity boundary","canConvert","collaborator incidental",
"RobustReflectionConverter","entity minimal-entity boundary","marshal","command collaborator",
"RobustReflectionConverter","entity minimal-entity boundary","doMarshal","command collaborator",
"RobustReflectionConverter","entity minimal-entity boundary","marshallField","command collaborator",
"RobustReflectionConverter","entity minimal-entity boundary","unmarshal","property non-void-command collaborator",
"RobustReflectionConverter","entity minimal-entity boundary","doUnmarshal","property non-void-command collaborator",
"RobustReflectionConverter","entity minimal-entity boundary","fieldDefinedInClass","predicate non-void-command",
"RobustReflectionConverter","entity minimal-entity boundary","unmarshalField","property non-void-command collaborator",
"RobustReflectionConverter","entity minimal-entity boundary","writeValueToImplicitCollection","non-void-command collaborator",
"RobustReflectionConverter","entity minimal-entity boundary","determineWhichClassDefinesField","property non-void-command collaborator",
"RobustReflectionConverter","entity minimal-entity boundary","instantiateNewInstance","property non-void-command collaborator",
"RobustReflectionConverter","entity minimal-entity boundary","determineType","property non-void-command collaborator",
"RobustReflectionConverter","entity minimal-entity boundary","readResolve","get set collaborator",
"GlobalCloudConfiguration","degenerate","getIconFileName","incidental",
"GlobalCloudConfiguration","degenerate","getDisplayName","wrapper stateless",
"GlobalCloudConfiguration","degenerate","getUrlName","incidental",
"OptionalJobProperty<JextendsJob<?,?>>","entity boundary small-class","getDescriptor","property non-void-command collaborator",
"ErrorLoggingExecutorService","entity boundary small-class","ErrorLoggingExecutorService","constructor",
"ErrorLoggingExecutorService","entity boundary small-class","wrap","property non-void-command collaborator",
"ErrorLoggingExecutorService","entity boundary small-class","wrap","collaborator incidental",
"GrantedAuthority","factory controller small-class","toSpring","property factory wrapper",
"GlobalPluginConfiguration","pure-controller degenerate small-class","configure","controller stateless",
"IdStrategy","boundary degenerate","filenameOf","incidental",
"IdStrategy","boundary degenerate","legacyFilenameOf","incidental",
"IdStrategy","boundary degenerate","idFromFilename","incidental",
"IdStrategy","boundary degenerate","keyFor","incidental",
"IdStrategy","boundary degenerate","equals","wrapper stateless",
"IdStrategy","boundary degenerate","getDescriptor","property non-void-command collaborator",
"IdStrategy","boundary degenerate","equals","predicate non-void-command collaborator",
"IdStrategy","boundary degenerate","hashCode","property non-void-command",
"IdStrategy","boundary degenerate","toString","wrapper stateless",
"IdStrategy","boundary degenerate","applyPatternRepeatedly","controller stateless",
"IdStrategy","boundary degenerate","convertPseudoUnicode","controller stateless",
"FreeBSD","empty","FreeBSD","constructor",
"JobGlobalBuildDiscarderStrategy","pure-controller degenerate small-class","JobGlobalBuildDiscarderStrategy","constructor",
"JobGlobalBuildDiscarderStrategy","pure-controller degenerate small-class","isApplicable","controller stateless",
"JobGlobalBuildDiscarderStrategy","pure-controller degenerate small-class","apply","controller stateless",
"MasterBuildConfiguration","unclassified","getNumExecutors","property non-void-command",
"MasterBuildConfiguration","unclassified","getLabelString","property non-void-command",
"MasterBuildConfiguration","unclassified","configure","controller stateless",
"QueueItem","boundary degenerate small-class","hasCancelPermission","wrapper stateless",
"QueueItem","boundary degenerate small-class","getDisplayName","wrapper stateless",
"NodeListener","degenerate","allowLoad","collaborator incidental",
"NodeListener","degenerate","onCreated","empty",
"NodeListener","degenerate","onUpdated","empty",
"NodeListener","degenerate","onDeleted","empty",
"Nodes","entity boundary","Nodes","constructor",
"Nodes","entity boundary","getNodes","property non-void-command factory collaborator",
"Nodes","entity boundary","setNodes","command collaborator",
"Nodes","entity boundary","addNode","command collaborator",
"Nodes","entity boundary","getConfigFile","property non-void-command collaborator",
"Nodes","entity boundary","getConfigFile","factory collaborator stateless",
"Nodes","entity boundary","getConfigFile","factory wrapper stateless",
"Nodes","entity boundary","updateNode","predicate non-void-command collaborator",
"Nodes","entity boundary","replaceNode","predicate non-void-command collaborator",
"Nodes","entity boundary","removeNode","command collaborator",
"Nodes","entity boundary","save","command collaborator",
"Nodes","entity boundary","getNode","property non-void-command collaborator",
"Nodes","entity boundary","load","command collaborator",
"ScheduleMaintenanceAfterSavingNode","boundary degenerate small-class","onChange","wrapper stateless",
"ParameterizedJobMixIn<JobTextendsJob<JobT,RunT>&ParameterizedJobMixIn.ParameterizedJob<JobT,RunT>&Queue.Task,RunTextendsRun<JobT,RunT>&Queue.Executable>","unclassified","scheduleBuild","predicate non-void-command",
"ParameterizedJobMixIn<JobTextendsJob<JobT,RunT>&ParameterizedJobMixIn.ParameterizedJob<JobT,RunT>&Queue.Task,RunTextendsRun<JobT,RunT>&Queue.Executable>","unclassified","scheduleBuild","predicate non-void-command collaborator",
"ParameterizedJobMixIn<JobTextendsJob<JobT,RunT>&ParameterizedJobMixIn.ParameterizedJob<JobT,RunT>&Queue.Task,RunTextendsRun<JobT,RunT>&Queue.Executable>","unclassified","scheduleBuild","predicate non-void-command",
"ParameterizedJobMixIn<JobTextendsJob<JobT,RunT>&ParameterizedJobMixIn.ParameterizedJob<JobT,RunT>&Queue.Task,RunTextendsRun<JobT,RunT>&Queue.Executable>","unclassified","scheduleBuild","predicate non-void-command collaborator",
"ParameterizedJobMixIn<JobTextendsJob<JobT,RunT>&ParameterizedJobMixIn.ParameterizedJob<JobT,RunT>&Queue.Task,RunTextendsRun<JobT,RunT>&Queue.Executable>","unclassified","scheduleBuild2","property non-void-command collaborator",
"ParameterizedJobMixIn<JobTextendsJob<JobT,RunT>&ParameterizedJobMixIn.ParameterizedJob<JobT,RunT>&Queue.Task,RunTextendsRun<JobT,RunT>&Queue.Executable>","unclassified","scheduleBuild2","property non-void-command collaborator",
"ParameterizedJobMixIn<JobTextendsJob<JobT,RunT>&ParameterizedJobMixIn.ParameterizedJob<JobT,RunT>&Queue.Task,RunTextendsRun<JobT,RunT>&Queue.Executable>","unclassified","getDefaultParametersValues","factory controller stateless",
"ParameterizedJobMixIn<JobTextendsJob<JobT,RunT>&ParameterizedJobMixIn.ParameterizedJob<JobT,RunT>&Queue.Task,RunTextendsRun<JobT,RunT>&Queue.Executable>","unclassified","isParameterized","wrapper stateless",
"ParameterizedJobMixIn<JobTextendsJob<JobT,RunT>&ParameterizedJobMixIn.ParameterizedJob<JobT,RunT>&Queue.Task,RunTextendsRun<JobT,RunT>&Queue.Executable>","unclassified","doBuild","controller stateless",
"ParameterizedJobMixIn<JobTextendsJob<JobT,RunT>&ParameterizedJobMixIn.ParameterizedJob<JobT,RunT>&Queue.Task,RunTextendsRun<JobT,RunT>&Queue.Executable>","unclassified","doBuildWithParameters","controller stateless",
"ParameterizedJobMixIn<JobTextendsJob<JobT,RunT>&ParameterizedJobMixIn.ParameterizedJob<JobT,RunT>&Queue.Task,RunTextendsRun<JobT,RunT>&Queue.Executable>","unclassified","doCancelQueue","controller stateless",
"ParameterizedJobMixIn<JobTextendsJob<JobT,RunT>&ParameterizedJobMixIn.ParameterizedJob<JobT,RunT>&Queue.Task,RunTextendsRun<JobT,RunT>&Queue.Executable>","unclassified","extendSearchIndex","controller stateless",
"ParameterizedJobMixIn<JobTextendsJob<JobT,RunT>&ParameterizedJobMixIn.ParameterizedJob<JobT,RunT>&Queue.Task,RunTextendsRun<JobT,RunT>&Queue.Executable>","unclassified","getBuildNowText","property non-void-command",
"NodeMonitorUpdater","commander boundary data-class small-class","onOnline","set collaborator",
"NodeMonitorUpdater","commander boundary data-class small-class","onTemporarilyOnline","set collaborator",
"PeepholePermalink","degenerate","test","wrapper stateless",
"PeepholePermalink","degenerate","getPermalinkFile","factory controller stateless",
"PeepholePermalink","degenerate","resolve","property non-void-command collaborator",
"PeepholePermalink","degenerate","find","controller stateless",
"PeepholePermalink","degenerate","updateCache","command collaborator",
"RenameAction","degenerate","getIconFileName","incidental",
"RenameAction","degenerate","getDisplayName","incidental",
"RenameAction","degenerate","getUrlName","incidental",
"UrlValidator","unclassified","UrlValidator","constructor",
"UrlValidator","unclassified","UrlValidator","constructor",
"UrlValidator","unclassified","UrlValidator","constructor",
"UrlValidator","unclassified","UrlValidator","constructor",
"UrlValidator","unclassified","UrlValidator","constructor",
"UrlValidator","unclassified","UrlValidator","constructor",
"UrlValidator","unclassified","UrlValidator","constructor",
"UrlValidator","unclassified","isValid","predicate non-void-command",
"UrlValidator","unclassified","isValidScheme","predicate non-void-command",
"UrlValidator","unclassified","isValidAuthority","predicate non-void-command",
"UrlValidator","unclassified","isValidPath","predicate non-void-command",
"UrlValidator","unclassified","isValidQuery","predicate non-void-command",
"UrlValidator","unclassified","isValidFragment","predicate non-void-command",
"UrlValidator","unclassified","countToken","controller stateless",
"UrlValidator","unclassified","isOn","predicate",
"UrlValidator","unclassified","isOff","predicate",
"WinIOException","small-class","WinIOException","constructor",
"WinIOException","small-class","WinIOException","constructor",
"WinIOException","small-class","WinIOException","constructor",
"WinIOException","small-class","WinIOException","constructor",
"WinIOException","small-class","getMessage","property non-void-command",
"WinIOException","small-class","getErrorCode","get",
"TransientActionFactory<T>","boundary degenerate small-class","actionType","collaborator incidental",
"UnlabeledLoadStatistics","lazy-class degenerate","UnlabeledLoadStatistics","constructor",
"UnlabeledLoadStatistics","lazy-class degenerate","computeIdleExecutors","controller stateless",
"UnlabeledLoadStatistics","lazy-class degenerate","computeTotalExecutors","controller stateless",
"UnlabeledLoadStatistics","lazy-class degenerate","computeQueueLength","wrapper stateless",
"UnlabeledLoadStatistics","lazy-class degenerate","getNodes","get collaborator",
"UnlabeledLoadStatistics","lazy-class degenerate","matches","controller stateless",
"UserExperimentalFlag<T>","unclassified","UserExperimentalFlag","constructor",
"UserExperimentalFlag<T>","unclassified","getFlagKey","get",
"UserExperimentalFlag<T>","unclassified","getFlagValue","property non-void-command collaborator",
"UserExperimentalFlag<T>","unclassified","getFlagValue","property non-void-command collaborator",
"UserExperimentalFlag<T>","unclassified","getFlagDescriptionPage","incidental",
"UserExperimentalFlag<T>","unclassified","getFlagConfigPage","incidental",
"UserExperimentalFlagsProperty","entity boundary small-class","UserExperimentalFlagsProperty","constructor",
"UserExperimentalFlagsProperty","entity boundary small-class","UserExperimentalFlagsProperty","constructor",
"UserExperimentalFlagsProperty","entity boundary small-class","getFlagValue","property non-void-command collaborator",
"Categories","unclassified","Categories","constructor",
"Categories","unclassified","getItems","get collaborator",
"Categories","unclassified","generateResponse","controller",
"Categories","unclassified","getItem","property controller",
"PluginWrapper","unclassified","getDependencyErrors","property non-void-command",
"PluginWrapper","unclassified","getOriginalDependencyErrors","property non-void-command collaborator",
"PluginWrapper","unclassified","hasOriginalDependencyErrors","predicate non-void-command",
"PluginWrapper","unclassified","getDerivedDependencyErrors","property non-void-command",
"PluginWrapper","unclassified","hasDerivedDependencyErrors","predicate non-void-command",
"PluginWrapper","unclassified","setDependents","set",
"PluginWrapper","unclassified","setDependants","command",
"PluginWrapper","unclassified","setOptionalDependents","set",
"PluginWrapper","unclassified","setOptionalDependants","command",
"PluginWrapper","unclassified","getDependents","get non-void-command",
"PluginWrapper","unclassified","getDependants","property non-void-command",
"PluginWrapper","unclassified","getMandatoryDependents","property controller",
"PluginWrapper","unclassified","getOptionalDependents","get",
"PluginWrapper","unclassified","getOptionalDependants","property non-void-command",
"PluginWrapper","unclassified","hasDependents","predicate non-void-command",
"PluginWrapper","unclassified","hasMandatoryDependents","predicate non-void-command",
"PluginWrapper","unclassified","hasDependants","predicate non-void-command",
"PluginWrapper","unclassified","hasOptionalDependents","predicate non-void-command",
"PluginWrapper","unclassified","hasOptionalDependants","predicate non-void-command",
"PluginWrapper","unclassified","hasDependencies","predicate non-void-command",
"PluginWrapper","unclassified","hasMandatoryDependencies","predicate non-void-command",
"PluginWrapper","unclassified","isDeprecated","predicate non-void-command",
"PluginWrapper","unclassified","injectJarsToClasspath","command collaborator",
"PluginWrapper","unclassified","PluginWrapper","constructor",
"PluginWrapper","unclassified","getDisplayName","property non-void-command",
"PluginWrapper","unclassified","getApi","property factory wrapper",
"PluginWrapper","unclassified","getIndexPage","property non-void-command collaborator",
"PluginWrapper","unclassified","getDependencies","get collaborator",
"PluginWrapper","unclassified","getMandatoryDependencies","property non-void-command collaborator",
"PluginWrapper","unclassified","getOptionalDependencies","get collaborator",
"PluginWrapper","unclassified","getShortName","get",
"PluginWrapper","unclassified","getPlugin","property controller",
"PluginWrapper","unclassified","getPluginOrFail","property non-void-command collaborator",
"PluginWrapper","unclassified","getUrl","property non-void-command",
"PluginWrapper","unclassified","allUrlsMatch","controller stateless",
"PluginWrapper","unclassified","toString","property non-void-command",
"PluginWrapper","unclassified","getLongName","get property non-void-command",
"PluginWrapper","unclassified","supportsDynamicLoad","property non-void-command collaborator",
"PluginWrapper","unclassified","getVersion","property non-void-command",
"PluginWrapper","unclassified","getVersionOf","controller stateless",
"PluginWrapper","unclassified","getRequiredCoreVersion","property non-void-command",
"PluginWrapper","unclassified","getVersionNumber","property non-void-command factory collaborator",
"PluginWrapper","unclassified","isOlderThan","predicate non-void-command collaborator",
"PluginWrapper","unclassified","stop","command collaborator",
"PluginWrapper","unclassified","releaseClassLoader","command",
"PluginWrapper","unclassified","enable","command",
"PluginWrapper","unclassified","disable","command",
"PluginWrapper","unclassified","disableWithoutCheck","command",
"PluginWrapper","unclassified","disable","non-void-command factory collaborator",
"PluginWrapper","unclassified","dependentsToCheck","property non-void-command collaborator",
"PluginWrapper","unclassified","isActive","predicate non-void-command",
"PluginWrapper","unclassified","hasCycleDependency","get",
"PluginWrapper","unclassified","setHasCycleDependency","set",
"PluginWrapper","unclassified","isBundled","get",
"PluginWrapper","unclassified","isEnabled","predicate non-void-command",
"PluginWrapper","unclassified","getManifest","get collaborator",
"PluginWrapper","unclassified","setPlugin","void-accessor wrapper",
"PluginWrapper","unclassified","getPluginClass","property non-void-command",
"PluginWrapper","unclassified","hasLicensesXml","predicate wrapper",
"PluginWrapper","unclassified","resolvePluginDependencies","command",
"PluginWrapper","unclassified","isDependencyObsolete","predicate non-void-command",
"PluginWrapper","unclassified","versionDependencyError","command",
"PluginWrapper","unclassified","getUpdateInfo","property non-void-command collaborator",
"PluginWrapper","unclassified","getInfo","property non-void-command collaborator",
"PluginWrapper","unclassified","getInfoFromAllSites","property non-void-command collaborator",
"PluginWrapper","unclassified","hasUpdate","predicate non-void-command",
"PluginWrapper","unclassified","isPinned","incidental",
"PluginWrapper","unclassified","isDeleted","predicate non-void-command",
"PluginWrapper","unclassified","isDetached","predicate wrapper",
"PluginWrapper","unclassified","hasImpliedDependents","predicate non-void-command collaborator",
"PluginWrapper","unclassified","getImpliedDependents","property non-void-command collaborator",
"PluginWrapper","unclassified","compareTo","property non-void-command",
"PluginWrapper","unclassified","isDowngradable","predicate non-void-command",
"PluginWrapper","unclassified","getBackupFile","property non-void-command factory collaborator",
"PluginWrapper","unclassified","getBackupVersion","property non-void-command collaborator",
"PluginWrapper","unclassified","isPinningForcingOldVersion","incidental",
"PluginWrapper","unclassified","toString","property non-void-command",
"PluginWrapper","unclassified","doMakeEnabled","property non-void-command collaborator",
"PluginWrapper","unclassified","doMakeDisabled","property non-void-command collaborator",
"PluginWrapper","unclassified","doPin","property non-void-command collaborator",
"PluginWrapper","unclassified","doUnpin","property non-void-command collaborator",
"PluginWrapper","unclassified","doDoUninstall","property controller",
"PluginWrapper","unclassified","getActiveWarnings","property wrapper",
"PluginWrapper","unclassified","getDeprecations","factory controller",
"PluginWrapper","unclassified","getIssueTrackerReportUrl","property controller",
"ItemCategory","data-class small-class","setOrder","set",
"ItemCategory","data-class small-class","getOrder","get",
"UserDetailsSpringImpl","unclassified","UserDetailsSpringImpl","constructor",
"UserDetailsSpringImpl","unclassified","getAuthorities","property non-void-command collaborator",
"UserDetailsSpringImpl","unclassified","getPassword","property non-void-command",
"UserDetailsSpringImpl","unclassified","getUsername","property non-void-command",
"UserDetailsSpringImpl","unclassified","isAccountNonExpired","predicate non-void-command",
"UserDetailsSpringImpl","unclassified","isAccountNonLocked","predicate non-void-command",
"UserDetailsSpringImpl","unclassified","isCredentialsNonExpired","predicate non-void-command",
"UserDetailsSpringImpl","unclassified","isEnabled","predicate non-void-command",
"MavenWarningNote","pure-controller degenerate small-class","MavenWarningNote","constructor",
"MavenWarningNote","pure-controller degenerate small-class","annotate","controller stateless",
"NestedProjectsCategory","data-provider lazy-class","getId","get",
"NestedProjectsCategory","data-provider lazy-class","getDescription","wrapper stateless",
"NestedProjectsCategory","data-provider lazy-class","getDisplayName","wrapper stateless",
"NestedProjectsCategory","data-provider lazy-class","getMinToShow","get",
"LabelAutoCompleteSeeder","small-class","LabelAutoCompleteSeeder","constructor",
"LabelAutoCompleteSeeder","small-class","getSeeds","property non-void-command",
"BuildReferenceMapAdapter<R>","boundary","BuildReferenceMapAdapter","constructor",
"BuildReferenceMapAdapter<R>","boundary","unwrap","property non-void-command collaborator",
"BuildReferenceMapAdapter<R>","boundary","wrap","property non-void-command collaborator",
"BuildReferenceMapAdapter<R>","boundary","comparator","property non-void-command collaborator",
"BuildReferenceMapAdapter<R>","boundary","subMap","property non-void-command factory collaborator",
"BuildReferenceMapAdapter<R>","boundary","headMap","property non-void-command factory collaborator",
"BuildReferenceMapAdapter<R>","boundary","tailMap","property non-void-command factory collaborator",
"BuildReferenceMapAdapter<R>","boundary","firstKey","property non-void-command",
"BuildReferenceMapAdapter<R>","boundary","lastKey","property non-void-command",
"BuildReferenceMapAdapter<R>","boundary","keySet","property non-void-command",
"BuildReferenceMapAdapter<R>","boundary","values","property non-void-command factory collaborator",
"BuildReferenceMapAdapter<R>","boundary","entrySet","property non-void-command factory collaborator",
"BuildReferenceMapAdapter<R>","boundary","size","property non-void-command",
"BuildReferenceMapAdapter<R>","boundary","isEmpty","predicate non-void-command",
"BuildReferenceMapAdapter<R>","boundary","containsKey","predicate non-void-command collaborator",
"BuildReferenceMapAdapter<R>","boundary","containsValue","predicate non-void-command collaborator",
"BuildReferenceMapAdapter<R>","boundary","get","property non-void-command collaborator",
"BuildReferenceMapAdapter<R>","boundary","put","property non-void-command collaborator",
"BuildReferenceMapAdapter<R>","boundary","remove","property non-void-command collaborator",
"BuildReferenceMapAdapter<R>","boundary","putAll","command collaborator",
"BuildReferenceMapAdapter<R>","boundary","clear","command",
"BuildReferenceMapAdapter<R>","boundary","equals","predicate non-void-command collaborator",
"BuildReferenceMapAdapter<R>","boundary","hashCode","property non-void-command",
"BuildReferenceMapAdapter<R>","boundary","toString","property non-void-command",
"SortedIntList","unclassified","SortedIntList","constructor",
"SortedIntList","unclassified","SortedIntList","copy-constructor",
"SortedIntList","unclassified","find","property wrapper",
"SortedIntList","unclassified","contains","predicate non-void-command collaborator",
"SortedIntList","unclassified","contains","predicate non-void-command",
"SortedIntList","unclassified","get","get",
"SortedIntList","unclassified","size","get",
"SortedIntList","unclassified","max","property",
"SortedIntList","unclassified","add","predicate non-void-command",
"SortedIntList","unclassified","add","predicate non-void-command",
"SortedIntList","unclassified","ensureCapacity","set",
"SortedIntList","unclassified","lower","property non-void-command",
"SortedIntList","unclassified","higher","property non-void-command",
"SortedIntList","unclassified","floor","property non-void-command",
"SortedIntList","unclassified","ceil","property non-void-command",
"SortedIntList","unclassified","isInRange","predicate",
"SortedIntList","unclassified","sort","wrapper",
"SortedIntList","unclassified","copyInto","void-accessor wrapper",
"SortedIntList","unclassified","removeValue","set",
"SortedList<TextendsComparable<T>>","entity boundary","SortedList","constructor",
"SortedList<TextendsComparable<T>>","entity boundary","find","property wrapper",
"SortedList<TextendsComparable<T>>","entity boundary","contains","predicate non-void-command collaborator",
"SortedList<TextendsComparable<T>>","entity boundary","get","property non-void-command collaborator",
"SortedList<TextendsComparable<T>>","entity boundary","size","property non-void-command",
"SortedList<TextendsComparable<T>>","entity boundary","remove","property non-void-command collaborator",
"SortedList<TextendsComparable<T>>","entity boundary","remove","predicate non-void-command collaborator",
"SortedList<TextendsComparable<T>>","entity boundary","lower","property non-void-command collaborator",
"SortedList<TextendsComparable<T>>","entity boundary","higher","property non-void-command collaborator",
"SortedList<TextendsComparable<T>>","entity boundary","floor","property non-void-command collaborator",
"SortedList<TextendsComparable<T>>","entity boundary","ceil","property non-void-command collaborator",
"SortedList<TextendsComparable<T>>","entity boundary","isInRange","predicate non-void-command",
"SortedList<TextendsComparable<T>>","entity boundary","isSorted","predicate non-void-command",
"ViewJobFilter","boundary degenerate small-class","getDescriptor","wrapper stateless",
"ResourceDomainConfiguration","unclassified","ResourceDomainConfiguration","constructor",
"ResourceDomainConfiguration","unclassified","doCheckUrl","property non-void-command collaborator",
"ResourceDomainConfiguration","unclassified","checkUrl","property non-void-command collaborator",
"ResourceDomainConfiguration","unclassified","getUrl","get",
"ResourceDomainConfiguration","unclassified","setUrl","command",
"QueueIdStrategy","degenerate small-class","persist","empty",
"QueueIdStrategy","degenerate small-class","load","empty",
"PluginEntry","unclassified","PluginEntry","constructor",
"PluginEntry","unclassified","compareTo","property non-void-command",
"PluginEntry","unclassified","equals","predicate non-void-command collaborator",
"PluginEntry","unclassified","hashCode","property non-void-command",
"DefaultSettingsProvider","boundary degenerate small-class","DefaultSettingsProvider","constructor",
"DefaultSettingsProvider","boundary degenerate small-class","supplySettings","collaborator incidental",
"GlobalMavenConfig","boundary","getCategory","wrapper stateless",
"GlobalMavenConfig","boundary","setGlobalSettingsProvider","set collaborator",
"GlobalMavenConfig","boundary","setSettingsProvider","set collaborator",
"GlobalMavenConfig","boundary","getGlobalSettingsProvider","property collaborator",
"GlobalMavenConfig","boundary","getSettingsProvider","property collaborator",
"FakeMapBuilder","controller","getDir","get collaborator",
"FakeMapBuilder","controller","FakeMapBuilder","constructor",
"FakeMapBuilder","controller","add","get controller",
"FakeMapBuilder","controller","addUnloadable","get controller",
"FakeMapBuilder","controller","make","property factory collaborator",
"FakeMapBuilder","controller","apply","property non-void-command factory collaborator",
"DisplayNameListener","commander boundary small-class","onCopied","command collaborator",
"DisplayNameListener","commander boundary small-class","onRenamed","command collaborator",
"DomainValidator","unclassified","DomainValidator","constructor",
"DomainValidator","unclassified","DomainValidator","constructor",
"DomainValidator","unclassified","isValid","predicate non-void-command",
"DomainValidator","unclassified","isValidDomainSyntax","predicate non-void-command",
"DomainValidator","unclassified","isValidTld","predicate non-void-command",
"DomainValidator","unclassified","isValidInfrastructureTld","predicate non-void-command",
"DomainValidator","unclassified","isValidGenericTld","predicate non-void-command",
"DomainValidator","unclassified","isValidCountryCodeTld","predicate non-void-command",
"DomainValidator","unclassified","isValidLocalTld","predicate non-void-command",
"DomainValidator","unclassified","isAllowLocal","get",
"DomainValidator","unclassified","chompLeadingDot","controller stateless",
"DomainValidator","unclassified","getOverrides","property wrapper",
"InetAddressValidator","unclassified","isValid","predicate non-void-command",
"InetAddressValidator","unclassified","isValidInet4Address","predicate non-void-command",
"InetAddressValidator","unclassified","isValidInet6Address","predicate non-void-command",
"SCMCheckoutStrategy","degenerate","preCheckout","controller stateless",
"SCMCheckoutStrategy","degenerate","checkout","controller stateless",
"SCMCheckoutStrategy","degenerate","getDescriptor","property non-void-command collaborator",
"ProviderNotFoundException","data-provider boundary small-class","ProviderNotFoundException","constructor",
"ProviderNotFoundException","data-provider boundary small-class","ProviderNotFoundException","constructor",
"ProviderNotFoundException","data-provider boundary small-class","toSpring","property wrapper",
"SCMCheckoutStrategyDescriptor","empty","SCMCheckoutStrategyDescriptor","constructor",
"SCMCheckoutStrategyDescriptor","empty","SCMCheckoutStrategyDescriptor","constructor",
"ClockMonitor","entity boundary small-class","ClockMonitor","constructor",
"ClockMonitor","entity boundary small-class","getDifferenceFor","property non-void-command collaborator",
"AcegiSecurityExceptionFilter","pure-controller degenerate","doFilter","controller stateless",
"AcegiSecurityExceptionFilter","pure-controller degenerate","init","empty",
"AcegiSecurityExceptionFilter","pure-controller degenerate","destroy","empty",
"ApiTokenProperty","boundary","ApiTokenProperty","constructor",
"ApiTokenProperty","boundary","setUser","command collaborator",
"ApiTokenProperty","boundary","ApiTokenProperty","constructor",
"ApiTokenProperty","boundary","getApiToken","property non-void-command",
"ApiTokenProperty","boundary","hasLegacyToken","predicate",
"ApiTokenProperty","boundary","getApiTokenInsecure","property non-void-command",
"ApiTokenProperty","boundary","matchesPassword","predicate non-void-command collaborator",
"ApiTokenProperty","boundary","hasPermissionToSeeToken","predicate wrapper",
"ApiTokenProperty","boundary","getTokenList","property non-void-command factory collaborator",
"ApiTokenProperty","boundary","reconfigure","get non-void-command collaborator",
"ApiTokenProperty","boundary","convertToTokenMap","property non-void-command factory collaborator",
"ApiTokenProperty","boundary","addJSONTokenIntoMap","controller stateless",
"ApiTokenProperty","boundary","changeApiToken","command collaborator",
"ApiTokenProperty","boundary","_changeApiToken","set",
"ApiTokenProperty","boundary","deleteApiToken","set",
"ApiTokenProperty","boundary","getTokenStore","get collaborator",
"ApiTokenProperty","boundary","getTokenStats","get collaborator",
"ApiTokenProperty","boundary","addFixedNewToken","property non-void-command",
"ApiTokenProperty","boundary","generateNewToken","property non-void-command collaborator",
"ApiTokenProperty","boundary","revokeAllTokens","command",
"ApiTokenProperty","boundary","revokeAllTokensExceptOne","command",
"ApiTokenProperty","boundary","revokeToken","command collaborator",
"AuthenticationSuccessHandler","entity boundary small-class","determineTargetUrl","property non-void-command collaborator",
"BasicHeaderRealPasswordAuthenticator","entity boundary small-class","authenticate2","property non-void-command collaborator",
"JSONSignatureValidator","unclassified","JSONSignatureValidator","constructor",
"JSONSignatureValidator","unclassified","verifySignature","property non-void-command collaborator",
"JSONSignatureValidator","unclassified","checkSpecificSignature","property non-void-command collaborator",
"JSONSignatureValidator","unclassified","verifySignature","controller stateless",
"JSONSignatureValidator","unclassified","digestMatches","controller stateless",
"JSONSignatureValidator","unclassified","loadTrustAnchors","non-void-command factory collaborator",
"BuildHistoryWidget<T>","unclassified","BuildHistoryWidget","constructor",
"BuildHistoryWidget<T>","unclassified","getQueuedItem","property wrapper",
"BuildHistoryWidget<T>","unclassified","getQueuedItems","factory controller",
"BuildHistoryWidget<T>","unclassified","getHistoryPageFilter","property non-void-command collaborator",
"ChannelConfigurator","degenerate small-class","onChannelBuilding","empty",
"EditType","data-provider data-class","EditType","constructor",
"EditType","data-provider data-class","getName","get",
"EditType","data-provider data-class","getDescription","get",
"EditType","data-provider data-class","toExportedObject","get",
"ClassLoaderStatisticsSlaveInfo","boundary degenerate small-class","getDisplayName","wrapper stateless",
"ClassLoaderStatisticsSlaveInfo","boundary degenerate small-class","getRequiredPermission","collaborator incidental",
"Item","unclassified","getRelativeNameFrom","property wrapper",
"Item","unclassified","getRelativeNameFrom","property non-void-command",
"Item","unclassified","getAbsoluteUrl","wrapper stateless",
"Item","unclassified","onCreatedFromScratch","empty",
"HMACConfidentialKey","boundary","HMACConfidentialKey","constructor",
"HMACConfidentialKey","boundary","HMACConfidentialKey","constructor",
"HMACConfidentialKey","boundary","HMACConfidentialKey","constructor",
"HMACConfidentialKey","boundary","HMACConfidentialKey","constructor",
"HMACConfidentialKey","boundary","mac","property non-void-command collaborator",
"HMACConfidentialKey","boundary","checkMac","predicate non-void-command",
"HMACConfidentialKey","boundary","mac","property non-void-command",
"HMACConfidentialKey","boundary","checkMac","predicate non-void-command",
"HMACConfidentialKey","boundary","chop","property wrapper",
"HMACConfidentialKey","boundary","createMac","property non-void-command collaborator",
"HMACConfidentialKey","boundary","getKey","non-void-command factory collaborator",
"JenkinsANTLRErrorListener","commander boundary small-class","JenkinsANTLRErrorListener","constructor",
"JenkinsANTLRErrorListener","commander boundary small-class","JenkinsANTLRErrorListener","constructor",
"JenkinsANTLRErrorListener","commander boundary small-class","syntaxError","command collaborator",
"HexStringConfidentialKey","data-class small-class","HexStringConfidentialKey","constructor",
"HexStringConfidentialKey","data-class small-class","HexStringConfidentialKey","constructor",
"HexStringConfidentialKey","data-class small-class","get","get non-void-command",
"ImpersonatingExecutorService","factory controller small-class","ImpersonatingExecutorService","constructor",
"ImpersonatingExecutorService","factory controller small-class","ImpersonatingExecutorService","constructor",
"ImpersonatingExecutorService","factory controller small-class","wrap","property factory controller",
"ImpersonatingExecutorService","factory controller small-class","wrap","property factory controller",
"NonLocalizable","data-provider data-class small-class","NonLocalizable","constructor",
"NonLocalizable","data-provider data-class small-class","toString","get collaborator",
"NonLocalizable","data-provider data-class small-class","toString","get",
"ImpersonatingUserDetailsService","controller small-class","ImpersonatingUserDetailsService","constructor",
"ImpersonatingUserDetailsService","controller small-class","loadUserByUsername","property non-void-command collaborator",
"ImpersonatingUserDetailsService","controller small-class","attemptToImpersonate","factory controller stateless",
"LastGrantedAuthoritiesProperty","unclassified","reconfigure","get controller",
"LastGrantedAuthoritiesProperty","unclassified","getAuthorities2","property factory controller",
"LastGrantedAuthoritiesProperty","unclassified","getAuthorities","property non-void-command collaborator",
"LastGrantedAuthoritiesProperty","unclassified","update","command collaborator",
"LastGrantedAuthoritiesProperty","unclassified","invalidate","command",
"RSADigitalSignatureConfidentialKey","entity boundary small-class","RSADigitalSignatureConfidentialKey","constructor",
"RSADigitalSignatureConfidentialKey","entity boundary small-class","RSADigitalSignatureConfidentialKey","constructor",
"RSADigitalSignatureConfidentialKey","entity boundary small-class","sign","property non-void-command collaborator",
"JavaUtilsTest","boundary degenerate small-class","verifyJava8","wrapper stateless",
"JavaUtilsTest","boundary degenerate small-class","verifyPostJava8","wrapper stateless",
"VirtualFileTest","commander boundary","outsideSymlinks","command collaborator",
"VirtualFileTest","commander boundary","mode","command collaborator",
"VirtualFileTest","commander boundary","list","command collaborator",
"VirtualFileTest","commander boundary","list_IllegalSymlink_FileVF","command collaborator",
"VirtualFileTest","commander boundary","list_Glob_NoFollowLinks_FileVF","command collaborator",
"VirtualFileTest","commander boundary","list_Glob_NoFollowLinks_FilePathVF","command collaborator",
"VirtualFileTest","commander boundary","zip_NoFollowLinks_FilePathVF","command collaborator",
"VirtualFileTest","commander boundary","zip_NoFollowLinks_FilePathVF_withPrefix","command collaborator",
"VirtualFileTest","commander boundary","zip_NoFollowLinks_FileVF","command collaborator",
"VirtualFileTest","commander boundary","zip_NoFollowLinks_FileVF_withPrefix","command collaborator",
"VirtualFileTest","commander boundary","readLink","command collaborator",
"VirtualFileTest","commander boundary","simpleList_FileVF","command collaborator",
"VirtualFileTest","commander boundary","list_NoFollowLinks_FileVF","command collaborator",
"VirtualFileTest","commander boundary","list_NoFollowLinks_FilePathVF","command collaborator",
"VirtualFileTest","commander boundary","simpleList_WithSymlink_FileVF","command collaborator",
"VirtualFileTest","commander boundary","list_NoFollowLinks_ExternalSymlink_FileVF","command collaborator",
"VirtualFileTest","commander boundary","list_NoFollowLinks_ExternalSymlink_FilePathVF","command collaborator",
"VirtualFileTest","commander boundary","list_Glob_NoFollowLinks_ExternalSymlink_FilePathVF","command collaborator",
"VirtualFileTest","commander boundary","list_Glob_NoFollowLinks_ExternalSymlink_FileVF","command collaborator",
"VirtualFileTest","commander boundary","list_NoFollowLinks_InternalSymlink_FileVF","command collaborator",
"VirtualFileTest","commander boundary","list_NoFollowLinks_InternalSymlink_FilePathVF","command collaborator",
"VirtualFileTest","commander boundary","list_NoFollowLinks_NoKids_FileVF","command collaborator",
"VirtualFileTest","commander boundary","list_Glob_NoFollowLinks_NoKids_FileVF","command collaborator",
"VirtualFileTest","commander boundary","list_Glob_NoFollowLinks_NoKids_FilePathVF","command collaborator",
"VirtualFileTest","commander boundary","list_NoFollowLinks_NoKids_FilePathVF","command collaborator",
"VirtualFileTest","commander boundary","simpleList_NoKids_FileVF","command collaborator",
"VirtualFileTest","commander boundary","simpleList_IllegalSymlink_FileVF","command collaborator",
"VirtualFileTest","commander boundary","simpleList_FilePathVF","command collaborator",
"VirtualFileTest","commander boundary","simpleList_WithSymlink_FilePathVF","command collaborator",
"VirtualFileTest","commander boundary","simpleList_NoKids_FilePathVF","command collaborator",
"VirtualFileTest","commander boundary","simpleList_AbstractBase","command collaborator",
"VirtualFileTest","commander boundary","list_NoFollowLinks_AbstractBase","command collaborator",
"VirtualFileTest","commander boundary","simpleList_WithSymlink_AbstractBase","command collaborator",
"VirtualFileTest","commander boundary","list_NoFollowLinks_WithSymlink_AbstractBase","command collaborator",
"VirtualFileTest","commander boundary","simpleList_NoKids_AbstractBase","command collaborator",
"VirtualFileTest","commander boundary","prepareFileStructureForIsDescendant","controller stateless",
"VirtualFileTest","commander boundary","forFile_isDescendant","command collaborator",
"VirtualFileTest","commander boundary","forFilePath_isDescendant","command collaborator",
"VirtualFileTest","commander boundary","checkCommonAssertionForIsDescendant","controller stateless",
"VirtualFileTest","commander boundary","forFile_listOnlyDescendants_withoutIllegal","command collaborator",
"VirtualFileTest","commander boundary","forFilePath_listOnlyDescendants_withoutIllegal","command collaborator",
"VirtualFileTest","commander boundary","checkCommonAssertionForList","controller stateless",
"VirtualFileTest","commander boundary","forAbstractBase_listOnlyDescendants_withoutIllegal","command collaborator",
"VirtualFileTest","commander boundary","forAbstractBase_WithAllDescendants_listOnlyDescendants_withoutIllegal","command collaborator",
"VirtualFileTest","commander boundary","testGetParent_FileVF","command collaborator",
"VirtualFileTest","commander boundary","testGetUri_FileVF","command collaborator",
"VirtualFileTest","commander boundary","testIsDirectory_IllegalSymLink_FileVF","command collaborator",
"VirtualFileTest","commander boundary","testReadLink_IllegalSymLink_FileVF","command collaborator",
"VirtualFileTest","commander boundary","testLength_FileVF","command collaborator",
"VirtualFileTest","commander boundary","testLength_IllegalSymLink_FileVF","command collaborator",
"VirtualFileTest","commander boundary","testMode_IllegalSymLink_FileVF","command collaborator",
"VirtualFileTest","commander boundary","testLastModified_FileVF","command",
"VirtualFileTest","commander boundary","testLastModified_IllegalSymLink_FileVF","command collaborator",
"VirtualFileTest","commander boundary","testCanRead_True_FileVF","command collaborator",
"VirtualFileTest","commander boundary","testCanRead_False_FileVF","command collaborator",
"VirtualFileTest","commander boundary","testCanRead_IllegalSymlink_FileVF","command collaborator",
"VirtualFileTest","commander boundary","testOpenNoFollowLinks_AbstractBase","command",
"VirtualFileTest","commander boundary","testOpenNoFollowLinks_FollowsLink_AbstractBase","command",
"VirtualFileTest","commander boundary","testOpenNoFollowLinks_NoFollowsLink_FileVF","command collaborator",
"VirtualFileTest","commander boundary","testOpenNoFollowLinks_NoFollowsLinkInternalSymlink_FileVF","command collaborator",
"VirtualFileTest","commander boundary","testOpenNoFollowLinks_NoFollowsLinkInternalSymlink_FilePathVF","command collaborator",
"VirtualFileTest","commander boundary","testOpenNoFollowLinks_NoFollowsLink_FilePathVF","command collaborator",
"VirtualFileTest","commander boundary","testSupportIsDescendant_FileVF","command collaborator",
"VirtualFileTest","commander boundary","testSupportsQuickRecursiveListing_FileVF","command collaborator",
"VirtualFileTest","commander boundary","testGetParent_FilePathVF","command collaborator",
"VirtualFileTest","commander boundary","testGetUri_FilePathVF","command collaborator",
"VirtualFileTest","commander boundary","testLength_FilePathVF","command collaborator",
"VirtualFileTest","commander boundary","testLastModified_FilePathVF","command",
"VirtualFileTest","commander boundary","testCanRead_True_FilePathVF","command collaborator",
"VirtualFileTest","commander boundary","testCanRead_False_FilePathVF","command collaborator",
"VirtualFileTest","commander boundary","testSupportIsDescendant_FilePathVF","command collaborator",
"VirtualFileTest","commander boundary","testSupportsQuickRecursiveListing_FilePathVF","command collaborator",
"VirtualFileTest","commander boundary","testSupportIsDescendant_AbstractBase","controller stateless",
"VirtualFileTest","commander boundary","testSupportsQuickRecursiveListing_AbstractBase","controller stateless",
"VirtualFileTest","commander boundary","testReadLink_AbstractBase","controller stateless",
"VirtualFileTest","commander boundary","testMode_AbstractBase","controller stateless",
"VirtualFileTest","commander boundary","testIsDescendant_AbstractBase","controller stateless",
"VirtualFileTest","commander boundary","testExternalUrl","controller stateless",
"VirtualFileTest","commander boundary","testToString","command",
"VirtualFileTest","commander boundary","testHashCode","command collaborator",
"VirtualFileTest","commander boundary","testEquals_Null","command collaborator",
"VirtualFileTest","commander boundary","testEquals_Different","command collaborator",
"VirtualFileTest","commander boundary","testEquals_Same","command collaborator",
"VirtualFileTest","commander boundary","testEquals_OtherType","command collaborator",
"VirtualFileTest","commander boundary","testCompareTo_Same","command collaborator",
"VirtualFileTest","commander boundary","testCompareTo_LessThan","command collaborator",
"VirtualFileTest","commander boundary","testCompareTo_GreaterThan","command collaborator",
"VirtualFileTest","commander boundary","hasSymlink_AbstractBase","command collaborator",
"VirtualFileTest","commander boundary","hasSymlink_False_FilePathVF","command collaborator",
"VirtualFileTest","commander boundary","hasSymlink_True_FilePathVF","command collaborator",
"VirtualFileTest","commander boundary","hasSymlink_False_FileVF","command collaborator",
"VirtualFileTest","commander boundary","hasSymlink_True_FileVF","command collaborator",
"VirtualFileTest","commander boundary","createInvalidDirectorySymlink","property non-void-command collaborator",
"VirtualFileTest","commander boundary","createInvalidFileSymlink","property non-void-command collaborator",
"VirtualFileTest","commander boundary","computeEarlierSystemTime","controller stateless",
"UpdateCenterTest","boundary","toUpdateCenterCheckUrl_http_noQuery","wrapper stateless",
"UpdateCenterTest","boundary","toUpdateCenterCheckUrl_https_noQuery","wrapper stateless",
"UpdateCenterTest","boundary","toUpdateCenterCheckUrl_http_query","wrapper stateless",
"UpdateCenterTest","boundary","toUpdateCenterCheckUrl_https_query","wrapper stateless",
"UpdateCenterTest","boundary","toUpdateCenterCheckUrl_file","wrapper stateless",
"UpdateCenterTest","boundary","noChecksums","controller stateless",
"UpdateCenterTest","boundary","sha1Match","wrapper",
"UpdateCenterTest","boundary","sha1Mismatch","command collaborator",
"UpdateCenterTest","boundary","sha512ProvidedOnly","wrapper",
"UpdateCenterTest","boundary","sha512and256IgnoreCase","command",
"UpdateCenterTest","boundary","sha1DoesNotIgnoreCase","command collaborator",
"UpdateCenterTest","boundary","noOverlapForComputedAndProvidedChecksums","controller",
"UpdateCenterTest","boundary","noOverlapForComputedAndProvidedChecksumsForSpecIncompliantJVM","controller",
"RedactSecretJsonInErrorMessageSanitizer","entity boundary","RedactSecretJsonInErrorMessageSanitizer","constructor",
"RedactSecretJsonInErrorMessageSanitizer","entity boundary","sanitize","property non-void-command collaborator",
"RedactSecretJsonInErrorMessageSanitizer","entity boundary","retrieveRedactedKeys","property non-void-command collaborator",
"RedactSecretJsonInErrorMessageSanitizer","entity boundary","copyAndSanitize","property non-void-command collaborator",
"RedactSecretJsonInErrorMessageSanitizer","entity boundary","copyAndSanitizeObject","non-void-command factory collaborator",
"RedactSecretJsonInErrorMessageSanitizer","entity boundary","copyAndSanitizeArray","non-void-command factory collaborator",
"RetrierTest","degenerate","performedAtThirdAttemptTest","command",
"RetrierTest","degenerate","sleepWorksTest","command",
"RetrierTest","degenerate","failedActionAfterThreeAttemptsTest","command",
"RetrierTest","degenerate","failedActionWithExceptionAfterThreeAttemptsWithoutListenerTest","controller stateless",
"RetrierTest","degenerate","failedActionWithAllowedExceptionWithListenerChangingResultTest","controller stateless",
"RetrierTest","degenerate","failedActionWithAllowedExceptionByInheritanceTest","controller stateless",
"RetrierTest","degenerate","failedActionWithUnAllowedExceptionTest","controller stateless",
"ResourceDomainRootAction","unclassified","getIconFileName","incidental",
"ResourceDomainRootAction","unclassified","getDisplayName","incidental",
"ResourceDomainRootAction","unclassified","getUrlName","get",
"ResourceDomainRootAction","unclassified","doIndex","controller",
"ResourceDomainRootAction","unclassified","getDynamic","property factory controller",
"ResourceDomainRootAction","unclassified","getRedirectUrl","property non-void-command",
"ResourceDomainRootAction","unclassified","getToken","property non-void-command factory collaborator",
"CryptoConfidentialKey","entity boundary","CryptoConfidentialKey","constructor",
"CryptoConfidentialKey","entity boundary","CryptoConfidentialKey","constructor",
"CryptoConfidentialKey","entity boundary","getKey","get non-void-command factory collaborator",
"CryptoConfidentialKey","entity boundary","encrypt","property non-void-command collaborator",
"CryptoConfidentialKey","entity boundary","encrypt","property non-void-command collaborator",
"CryptoConfidentialKey","entity boundary","decrypt","property non-void-command collaborator",
"CryptoConfidentialKey","entity boundary","newIv","wrapper stateless",
"CryptoConfidentialKey","entity boundary","newIv","property non-void-command",
"CryptoConfidentialKey","entity boundary","decrypt","property non-void-command collaborator",
"UserLanguages","entity boundary degenerate","getId","wrapper stateless",
"UserLanguages","entity boundary degenerate","getDisplayName","incidental",
"UserLanguages","entity boundary degenerate","getStart","wrapper stateless",
"UserLanguages","entity boundary degenerate","getEnd","wrapper stateless",
"UserLanguages","entity boundary degenerate","createContent","property non-void-command factory collaborator",
"SlaveToMasterCallable<V,TextendsThrowable>","pure-controller small-class","checkRoles","controller",
"UserDetailsCache","unclassified","UserDetailsCache","constructor",
"UserDetailsCache","unclassified","getCached","property non-void-command collaborator",
"UserDetailsCache","unclassified","loadUserByUsername","property non-void-command collaborator",
"UserDetailsCache","unclassified","invalidateAll","command",
"UserDetailsCache","unclassified","invalidate","command",
"ApiTokenPropertyConfiguration","unclassified","hasExistingConfigFile","predicate non-void-command",
"ApiTokenPropertyConfiguration","unclassified","isTokenGenerationOnCreationEnabled","get",
"ApiTokenPropertyConfiguration","unclassified","setTokenGenerationOnCreationEnabled","set",
"ApiTokenPropertyConfiguration","unclassified","isCreationOfLegacyTokenEnabled","get",
"ApiTokenPropertyConfiguration","unclassified","setCreationOfLegacyTokenEnabled","set",
"ApiTokenPropertyConfiguration","unclassified","isUsageStatisticsEnabled","get",
"ApiTokenPropertyConfiguration","unclassified","setUsageStatisticsEnabled","set",
"ApiTokenPropertyConfiguration","unclassified","getCategory","wrapper stateless",
"ApiTokenPropertyEnabledNewLegacyAdministrativeMonitor","entity boundary degenerate","getDisplayName","wrapper stateless",
"ApiTokenPropertyEnabledNewLegacyAdministrativeMonitor","entity boundary degenerate","isActivated","wrapper stateless",
"ApiTokenPropertyEnabledNewLegacyAdministrativeMonitor","entity boundary degenerate","isSecurity","incidental",
"ApiTokenPropertyEnabledNewLegacyAdministrativeMonitor","entity boundary degenerate","doAct","property non-void-command collaborator",
"StandardOutputSwapper","commander boundary small-class","preOnline","command collaborator",
"ApiTokenStats","commander boundary","ApiTokenStats","constructor",
"ApiTokenStats","commander boundary","readResolve","get non-void-command collaborator",
"ApiTokenStats","commander boundary","init","set",
"ApiTokenStats","commander boundary","keepLastUpdatedUnique","set",
"ApiTokenStats","commander boundary","setParent","set collaborator",
"ApiTokenStats","commander boundary","areStatsDisabled","wrapper stateless",
"ApiTokenStats","commander boundary","removeId","command",
"ApiTokenStats","commander boundary","removeAll","command",
"ApiTokenStats","commander boundary","removeAllExcept","command",
"ApiTokenStats","commander boundary","updateUsageForId","property non-void-command factory collaborator",
"ApiTokenStats","commander boundary","updateUsageForIdIfNeeded","property non-void-command factory collaborator",
"ApiTokenStats","commander boundary","findTokenStatsById","property non-void-command factory collaborator",
"ApiTokenStats","commander boundary","findById","property non-void-command collaborator",
"ApiTokenStats","commander boundary","save","command collaborator",
"ApiTokenStats","commander boundary","getUserFolder","property non-void-command collaborator",
"LegacyApiTokenAdministrativeMonitor","degenerate","LegacyApiTokenAdministrativeMonitor","constructor",
"LegacyApiTokenAdministrativeMonitor","degenerate","getDisplayName","wrapper stateless",
"LegacyApiTokenAdministrativeMonitor","degenerate","isActivated","controller stateless",
"LegacyApiTokenAdministrativeMonitor","degenerate","isSecurity","incidental",
"LegacyApiTokenAdministrativeMonitor","degenerate","doIndex","factory collaborator stateless",
"LegacyApiTokenAdministrativeMonitor","degenerate","getImpactedUserList","controller stateless",
"LegacyApiTokenAdministrativeMonitor","degenerate","getLegacyTokenOf","controller stateless",
"LegacyApiTokenAdministrativeMonitor","degenerate","getLegacyStatsOf","factory controller stateless",
"LegacyApiTokenAdministrativeMonitor","degenerate","hasFreshToken","controller stateless",
"AperiodicWork","small-class","getInitialDelay","property non-void-command",
"AperiodicWork","small-class","doRun","wrapper stateless",
"TokenUuidAndPlainValue","empty","TokenUuidAndPlainValue","constructor",
"FileParameterValue","boundary","FileParameterValue","constructor",
"FileParameterValue","boundary","FileParameterValue","constructor",
"FileParameterValue","boundary","FileParameterValue","constructor",
"FileParameterValue","boundary","FileParameterValue","constructor",
"FileParameterValue","boundary","setLocation","set",
"FileParameterValue","boundary","getLocation","get",
"FileParameterValue","boundary","getValue","get collaborator",
"FileParameterValue","boundary","buildEnvironment","controller",
"FileParameterValue","boundary","createVariableResolver","property non-void-command collaborator",
"FileParameterValue","boundary","getOriginalFileName","get",
"FileParameterValue","boundary","getFile2","get collaborator",
"FileParameterValue","boundary","getFile","property non-void-command collaborator",
"FileParameterValue","boundary","createBuildWrapper","property non-void-command factory collaborator",
"FileParameterValue","boundary","hashCode","property non-void-command",
"FileParameterValue","boundary","equals","predicate non-void-command collaborator",
"FileParameterValue","boundary","toString","property non-void-command",
"FileParameterValue","boundary","getShortDescription","property",
"FileParameterValue","boundary","doDynamic","property non-void-command factory collaborator",
"FileParameterValue","boundary","getLocationUnderBuild","property non-void-command factory collaborator",
"FileParameterValue","boundary","getFileParameterFolderUnderBuild","property factory controller",
"CSRFAdministrativeMonitor","boundary degenerate","getDisplayName","wrapper stateless",
"CSRFAdministrativeMonitor","boundary degenerate","isActivated","wrapper stateless",
"CSRFAdministrativeMonitor","boundary degenerate","isSecurity","incidental",
"DoActionFilter","entity boundary small-class","keep","predicate non-void-command collaborator",
"StaplerDispatchValidator","entity boundary","StaplerDispatchValidator","constructor",
"StaplerDispatchValidator","entity boundary","isDispatchAllowed","property non-void-command collaborator",
"StaplerDispatchValidator","entity boundary","isDispatchAllowed","property non-void-command collaborator",
"StaplerDispatchValidator","entity boundary","allowDispatch","wrapper",
"StaplerDispatchValidator","entity boundary","requireDispatchAllowed","command collaborator",
"StaplerDispatchValidator","entity boundary","loadWhitelist","command collaborator",
"StaplerFilteredActionListener","unclassified","onDoActionTrigger","predicate non-void-command collaborator",
"StaplerFilteredActionListener","unclassified","onGetterTrigger","predicate non-void-command",
"StaplerFilteredActionListener","unclassified","onFieldTrigger","predicate non-void-command",
"StaplerFilteredActionListener","unclassified","onDispatchTrigger","predicate non-void-command",
"TypedFilter","entity boundary","isClassAcceptable","predicate non-void-command collaborator",
"TypedFilter","entity boundary","keep","predicate non-void-command collaborator",
"TypedFilter","entity boundary","keep","predicate non-void-command collaborator",
"GroovyHookScript","entity boundary","GroovyHookScript","constructor",
"GroovyHookScript","entity boundary","GroovyHookScript","constructor",
"GroovyHookScript","entity boundary","GroovyHookScript","constructor",
"GroovyHookScript","entity boundary","bind","get non-void-command collaborator",
"GroovyHookScript","entity boundary","getBindings","get collaborator",
"GroovyHookScript","entity boundary","run","command collaborator",
"GroovyHookScript","entity boundary","execute","command collaborator",
"GroovyHookScript","entity boundary","execute","command collaborator",
"GroovyHookScript","entity boundary","execute","command collaborator",
"GroovyHookScript","entity boundary","createShell","property factory collaborator",
"ViewGroup","boundary degenerate","getAllViews","non-void-command factory collaborator",
"ViewGroup","boundary degenerate","getPrimaryView","collaborator incidental",
"ViewGroup","boundary degenerate","getItemGroup","wrapper stateless",
"ViewGroup","boundary degenerate","getViewActions","wrapper stateless",
"DefaultJnlpSlaveReceiver","commander boundary","owns","wrapper stateless",
"DefaultJnlpSlaveReceiver","commander boundary","afterProperties","command collaborator",
"DefaultJnlpSlaveReceiver","commander boundary","beforeChannel","controller stateless",
"DefaultJnlpSlaveReceiver","commander boundary","afterChannel","command collaborator",
"DefaultJnlpSlaveReceiver","commander boundary","channelClosed","command collaborator",
"WorkspaceBrowser","data-provider boundary data-class small-class","getWorkspaceList","get collaborator",
"IOHubProvider","data-class small-class","IOHubProvider","constructor",
"IOHubProvider","data-class small-class","getHub","get collaborator",
"IOHubProvider","data-class small-class","cleanUp","set",
"RestrictiveEntityResolver","boundary degenerate small-class","RestrictiveEntityResolver","constructor",
"RestrictiveEntityResolver","boundary degenerate small-class","resolveEntity","collaborator stateless",
"AuthorizationStrategy","entity boundary degenerate","getACL","property non-void-command collaborator",
"AuthorizationStrategy","entity boundary degenerate","getACL","wrapper stateless",
"AuthorizationStrategy","entity boundary degenerate","getACL","property non-void-command collaborator",
"AuthorizationStrategy","entity boundary degenerate","getACL","wrapper stateless",
"AuthorizationStrategy","entity boundary degenerate","getACL","wrapper stateless",
"AuthorizationStrategy","entity boundary degenerate","getACL","property non-void-command collaborator",
"AuthorizationStrategy","entity boundary degenerate","getACL","wrapper stateless",
"AuthorizationStrategy","entity boundary degenerate","getACL","wrapper stateless",
"CaseInsensitiveComparator","lazy-class small-class","CaseInsensitiveComparator","constructor",
"CaseInsensitiveComparator","lazy-class small-class","compare","controller stateless",
"CaseInsensitiveComparator","lazy-class small-class","readResolve","get collaborator",
"CompoundEnumerationTest","boundary degenerate","smokes","wrapper stateless",
"CompoundEnumerationTest","boundary degenerate","empty","wrapper stateless",
"CompoundEnumerationTest","boundary degenerate","gaps","wrapper stateless",
"RemotingWorkDirSettings","data-provider","RemotingWorkDirSettings","constructor",
"RemotingWorkDirSettings","data-provider","RemotingWorkDirSettings","constructor",
"RemotingWorkDirSettings","data-provider","isConfigured","predicate non-void-command",
"RemotingWorkDirSettings","data-provider","isDisabled","get",
"RemotingWorkDirSettings","data-provider","isUseAgentRootDir","predicate",
"RemotingWorkDirSettings","data-provider","isFailIfWorkDirIsMissing","get",
"RemotingWorkDirSettings","data-provider","getWorkDirPath","get",
"RemotingWorkDirSettings","data-provider","getInternalDir","get",
"RemotingWorkDirSettings","data-provider","getDescriptor","property non-void-command collaborator",
"RemotingWorkDirSettings","data-provider","toCommandLineArgs","property non-void-command collaborator",
"RemotingWorkDirSettings","data-provider","toCommandLineString","property non-void-command collaborator",
"AccessDeniedException3","commander boundary small-class","AccessDeniedException3","constructor",
"AccessDeniedException3","commander boundary small-class","AccessDeniedException3","constructor",
"AccessDeniedException3","commander boundary small-class","reportAsHeaders","command collaborator",
"AccessDeniedException3","commander boundary small-class","report","command collaborator",
"UnixSlaveRestarter","small-class","canWork","predicate set",
"UnixSlaveRestarter","small-class","restart","command",
"HttpSessionListener","degenerate small-class","sessionCreated","empty",
"HttpSessionListener","degenerate small-class","sessionDestroyed","empty",
"WinswSlaveRestarter","unclassified","canWork","predicate non-void-command",
"WinswSlaveRestarter","unclassified","exec","property non-void-command",
"WinswSlaveRestarter","unclassified","restart","command",
"EnvVarsSlaveInfo","boundary degenerate small-class","getDisplayName","wrapper stateless",
"EnvVarsSlaveInfo","boundary degenerate small-class","getRequiredPermission","collaborator incidental",
"LockedException","factory controller small-class","LockedException","constructor",
"LockedException","factory controller small-class","LockedException","constructor",
"LockedException","factory controller small-class","LockedException","constructor",
"LockedException","factory controller small-class","toSpring","property factory wrapper",
"HudsonDowngradeJob","commander boundary","HudsonDowngradeJob","constructor",
"HudsonDowngradeJob","commander boundary","HudsonDowngradeJob","constructor",
"HudsonDowngradeJob","commander boundary","getURL","property non-void-command factory collaborator",
"HudsonDowngradeJob","commander boundary","getDestination","wrapper stateless",
"HudsonDowngradeJob","commander boundary","getName","incidental",
"HudsonDowngradeJob","commander boundary","onSuccess","set",
"HudsonDowngradeJob","commander boundary","run","command",
"HudsonDowngradeJob","commander boundary","_run","command collaborator",
"HudsonDowngradeJob","commander boundary","replace","wrapper stateless",
"SystemPropertySlaveInfo","boundary degenerate small-class","getDisplayName","wrapper stateless",
"SystemPropertySlaveInfo","boundary degenerate small-class","getRequiredPermission","collaborator incidental",
"SimpleBuildStep","commander boundary","perform","command collaborator",
"SimpleBuildStep","commander boundary","perform","command collaborator",
"SimpleBuildStep","commander boundary","perform","command collaborator",
"SimpleBuildStep","commander boundary","requiresWorkspace","incidental",
"SetContextClassLoader","commander small-class","SetContextClassLoader","constructor",
"SetContextClassLoader","commander small-class","SetContextClassLoader","constructor",
"SetContextClassLoader","commander small-class","SetContextClassLoader","constructor",
"SetContextClassLoader","commander small-class","close","command",
"EnvVarsFilterException","unclassified","EnvVarsFilterException","constructor",
"EnvVarsFilterException","unclassified","withRule","get set collaborator",
"EnvVarsFilterException","unclassified","withVariable","get set",
"EnvVarsFilterException","unclassified","getRule","get collaborator",
"EnvVarsFilterException","unclassified","getMessage","property non-void-command",
"HudsonUpgradeJob","commander boundary","HudsonUpgradeJob","constructor",
"HudsonUpgradeJob","commander boundary","HudsonUpgradeJob","constructor",
"HudsonUpgradeJob","commander boundary","getURL","property non-void-command factory collaborator",
"HudsonUpgradeJob","commander boundary","getDestination","wrapper stateless",
"HudsonUpgradeJob","commander boundary","getName","incidental",
"HudsonUpgradeJob","commander boundary","onSuccess","set",
"HudsonUpgradeJob","commander boundary","replace","command collaborator",
"AdministrativeError","degenerate small-class","AdministrativeError","constructor",
"AdministrativeError","degenerate small-class","isActivated","incidental",
"Recorder","entity boundary small-class","Recorder","constructor",
"Recorder","entity boundary small-class","getDescriptor","property non-void-command collaborator",
"Api","boundary","Api","constructor",
"Api","boundary","getDisplayName","incidental",
"Api","boundary","getSearchUrl","incidental",
"Api","boundary","doXml","command",
"Api","boundary","isSimpleOutput","collaborator incidental",
"Api","boundary","doSchema","command collaborator",
"Api","boundary","doJson","command collaborator",
"Api","boundary","doPython","command collaborator",
"Api","boundary","permit","predicate controller",
"Api","boundary","setHeaders","controller stateless",
"EnvVarsFilterRule","entity boundary small-class","getDisplayName","property non-void-command collaborator",
"HudsonHomeDiskUsageMonitor","boundary lazy-class degenerate","HudsonHomeDiskUsageMonitor","constructor",
"HudsonHomeDiskUsageMonitor","boundary lazy-class degenerate","isActivated","get",
"HudsonHomeDiskUsageMonitor","boundary lazy-class degenerate","getDisplayName","wrapper stateless",
"HudsonHomeDiskUsageMonitor","boundary lazy-class degenerate","doAct","property non-void-command collaborator",
"HudsonHomeDiskUsageMonitor","boundary lazy-class degenerate","getSolutions","wrapper stateless",
"HudsonHomeDiskUsageMonitor","boundary lazy-class degenerate","getSolution","controller stateless",
"RetainVariablesLocalRule","unclassified","RetainVariablesLocalRule","constructor",
"RetainVariablesLocalRule","unclassified","setVariables","set",
"RetainVariablesLocalRule","unclassified","getVariables","get",
"RetainVariablesLocalRule","unclassified","setRetainCharacteristicEnvVars","set",
"RetainVariablesLocalRule","unclassified","isRetainCharacteristicEnvVars","get",
"RetainVariablesLocalRule","unclassified","variablesToRetain","property non-void-command",
"RetainVariablesLocalRule","unclassified","filter","command collaborator",
"RetainVariablesLocalRule","unclassified","getProcessVariablesHandling","get collaborator",
"RetainVariablesLocalRule","unclassified","setProcessVariablesHandling","set collaborator",
"RetainVariablesLocalRule","unclassified","ProcessVariablesHandling","constructor",
"RetainVariablesLocalRule","unclassified","getDisplayName","property non-void-command",
"FingerprintCleanupThread","small-class","FingerprintCleanupThread","constructor",
"FingerprintCleanupThread","small-class","getRecurrencePeriod","get",
"FingerprintCleanupThread","small-class","execute","command collaborator",
"Correlator","data-class","Correlator","constructor",
"Correlator","data-class","getCorrelationId","get",
"Correlator","data-class","setCorrelationId","set",
"Correlator","data-class","getDescriptor","get collaborator",
"PluginDowngradeJob","unclassified","PluginDowngradeJob","constructor",
"PluginDowngradeJob","unclassified","PluginDowngradeJob","constructor",
"PluginDowngradeJob","unclassified","getURL","property factory collaborator",
"PluginDowngradeJob","unclassified","getDestination","property factory controller",
"PluginDowngradeJob","unclassified","getBackup","property factory collaborator",
"PluginDowngradeJob","unclassified","getName","get",
"PluginDowngradeJob","unclassified","getDisplayName","property non-void-command",
"PluginDowngradeJob","unclassified","run","command",
"PluginDowngradeJob","unclassified","_run","command collaborator",
"PluginDowngradeJob","unclassified","replace","wrapper stateless",
"PluginDowngradeJob","unclassified","onSuccess","set",
"PluginDowngradeJob","unclassified","toString","property non-void-command",
"BackgroundGlobalBuildDiscarder","data-provider lazy-class small-class","BackgroundGlobalBuildDiscarder","constructor",
"BackgroundGlobalBuildDiscarder","data-provider lazy-class small-class","execute","wrapper stateless",
"BackgroundGlobalBuildDiscarder","data-provider lazy-class small-class","getRecurrencePeriod","get",
"Telemetry","degenerate","getId","wrapper stateless",
"Telemetry","degenerate","isActivePeriod","controller stateless",
"Telemetry","degenerate","buildComponentInformation","controller stateless",
"DistributedBuilds","boundary degenerate","getDisplayName","incidental",
"DistributedBuilds","boundary degenerate","getStart","wrapper stateless",
"DistributedBuilds","boundary degenerate","getEnd","wrapper stateless",
"DistributedBuilds","boundary degenerate","createContent","non-void-command factory collaborator",
"GlobalToolConfiguration","boundary degenerate","getIconFileName","incidental",
"GlobalToolConfiguration","boundary degenerate","getDisplayName","wrapper stateless",
"GlobalToolConfiguration","boundary degenerate","getDescription","wrapper stateless",
"GlobalToolConfiguration","boundary degenerate","getUrlName","incidental",
"GlobalToolConfiguration","boundary degenerate","getRequiredPermission","collaborator incidental",
"GlobalToolConfiguration","boundary degenerate","getCategory","collaborator incidental",
"GlobalToolConfiguration","boundary degenerate","doConfigure","command collaborator",
"GlobalToolConfiguration","boundary degenerate","configure","predicate non-void-command collaborator",
"GlobalToolConfiguration","boundary degenerate","configureDescriptor","controller stateless",
"SCMTriggerItem","controller small-class","schedulePolling","predicate controller",
"PrivateKeyProviderTest","commander","loadKeyDSA","command collaborator",
"PrivateKeyProviderTest","commander","assertKeyPairNotNull","controller stateless",
"PrivateKeyProviderTest","commander","loadKeyDSAPassword","command",
"PrivateKeyProviderTest","commander","loadKeyRSA","command collaborator",
"PrivateKeyProviderTest","commander","loadKeyRSAPassword","command",
"PrivateKeyProviderTest","commander","loadKeyOpenSSH","command collaborator",
"PrivateKeyProviderTest","commander","loadKeyOpenSSHPKCS8","command",
"PrivateKeyProviderTest","commander","loadKeyOpenSSHRFC4716","command",
"PrivateKeyProviderTest","commander","loadKeyOpenSSHMultipleKeys","command",
"PrivateKeyProviderTest","commander","loadBlankKey","command",
"PrivateKeyProviderTest","commander","loadKeyBroken","command",
"AtmostOneTaskExecutor<V>","data-class small-class","AtmostOneTaskExecutor","constructor",
"AtmostOneTaskExecutor<V>","data-class small-class","AtmostOneTaskExecutor","constructor",
"AtmostOneTaskExecutor<V>","data-class small-class","submit","get set factory collaborator",
"AtmostOneTaskExecutor<V>","data-class small-class","maybeRun","command",
"DataSetBuilder<RowextendsComparable,ColumnextendsComparable>","small-class","add","command collaborator",
"DataSetBuilder<RowextendsComparable,ColumnextendsComparable>","small-class","build","non-void-command factory collaborator",
"BuildListenerAdapter","entity boundary","BuildListenerAdapter","constructor",
"BuildListenerAdapter","entity boundary","getLogger","property non-void-command collaborator",
"BuildListenerAdapter","entity boundary","annotate","command collaborator",
"BuildListenerAdapter","entity boundary","hyperlink","command",
"BuildListenerAdapter","entity boundary","error","property non-void-command collaborator",
"BuildListenerAdapter","entity boundary","error","property non-void-command collaborator",
"BuildListenerAdapter","entity boundary","fatalError","property non-void-command collaborator",
"BuildListenerAdapter","entity boundary","fatalError","property non-void-command collaborator",
"ContextResettingExecutorService","factory pure-controller degenerate small-class","ContextResettingExecutorService","constructor",
"ContextResettingExecutorService","factory pure-controller degenerate small-class","wrap","factory controller stateless",
"ContextResettingExecutorService","factory pure-controller degenerate small-class","wrap","factory controller stateless",
"DirectedGraph<N>","factory pure-controller degenerate small-class","getStronglyConnectedComponents","factory controller stateless",
"ErrorLoggingScheduledThreadPoolExecutor","commander boundary small-class","ErrorLoggingScheduledThreadPoolExecutor","constructor",
"ErrorLoggingScheduledThreadPoolExecutor","commander boundary small-class","ErrorLoggingScheduledThreadPoolExecutor","constructor",
"ErrorLoggingScheduledThreadPoolExecutor","commander boundary small-class","ErrorLoggingScheduledThreadPoolExecutor","constructor",
"ErrorLoggingScheduledThreadPoolExecutor","commander boundary small-class","ErrorLoggingScheduledThreadPoolExecutor","constructor",
"ErrorLoggingScheduledThreadPoolExecutor","commander boundary small-class","afterExecute","command collaborator",
"RekeySecretAdminMonitor","boundary","RekeySecretAdminMonitor","constructor",
"RekeySecretAdminMonitor","boundary","isActivated","predicate non-void-command",
"RekeySecretAdminMonitor","boundary","isDone","predicate non-void-command",
"RekeySecretAdminMonitor","boundary","setNeeded","command",
"RekeySecretAdminMonitor","boundary","isScanOnBoot","predicate non-void-command",
"RekeySecretAdminMonitor","boundary","isSecurity","incidental",
"RekeySecretAdminMonitor","boundary","doScan","property non-void-command collaborator",
"RekeySecretAdminMonitor","boundary","state","property non-void-command factory collaborator",
"RekeySecretAdminMonitor","boundary","scanOnReboot","command collaborator",
"RekeySecretAdminMonitor","boundary","getDisplayName","wrapper stateless",
"RekeySecretAdminMonitor","boundary","getLogFile","property non-void-command factory collaborator",
"RekeySecretAdminMonitor","boundary","fix","command collaborator",
"FullDuplexHttpService","commander boundary small-class","FullDuplexHttpService","constructor",
"FullDuplexHttpService","commander boundary small-class","download","command collaborator",
"FullDuplexHttpService","commander boundary small-class","upload","set collaborator",
"InterceptingExecutorService","entity boundary","InterceptingExecutorService","constructor",
"InterceptingExecutorService","entity boundary","delegate","get collaborator",
"InterceptingExecutorService","entity boundary","submit","property non-void-command collaborator",
"InterceptingExecutorService","entity boundary","submit","property non-void-command collaborator",
"InterceptingExecutorService","entity boundary","submit","property non-void-command collaborator",
"InterceptingExecutorService","entity boundary","invokeAll","property non-void-command collaborator",
"InterceptingExecutorService","entity boundary","invokeAll","property non-void-command collaborator",
"InterceptingExecutorService","entity boundary","invokeAny","property non-void-command collaborator",
"InterceptingExecutorService","entity boundary","invokeAny","property non-void-command collaborator",
"InterceptingExecutorService","entity boundary","execute","command collaborator",
"InterceptingExecutorService","entity boundary","awaitTermination","predicate non-void-command collaborator",
"InterceptingExecutorService","entity boundary","isShutdown","predicate non-void-command",
"InterceptingExecutorService","entity boundary","isTerminated","predicate non-void-command",
"InterceptingExecutorService","entity boundary","shutdown","command",
"InterceptingExecutorService","entity boundary","shutdownNow","property non-void-command collaborator",
"InterceptingExecutorService","entity boundary","toString","property non-void-command",
"InterceptingExecutorService","entity boundary","wrap","non-void-command factory collaborator",
"ToolLocationNodeProperty","small-class","ToolLocationNodeProperty","constructor",
"ToolLocationNodeProperty","small-class","ToolLocationNodeProperty","constructor",
"ToolLocationNodeProperty","small-class","getLocations","property wrapper",
"ToolLocationNodeProperty","small-class","getHome","property controller",
"Listeners","empty","Listeners","constructor",
"QueueListener","degenerate","onEnterWaiting","empty",
"QueueListener","degenerate","onLeaveWaiting","empty",
"QueueListener","degenerate","onEnterBlocked","empty",
"QueueListener","degenerate","onLeaveBlocked","empty",
"QueueListener","degenerate","onEnterBuildable","empty",
"QueueListener","degenerate","onLeaveBuildable","empty",
"QueueListener","degenerate","onLeft","empty",
"ScriptListener","degenerate small-class","onScriptExecution","empty",
"ScriptListener","degenerate small-class","onScriptOutput","empty",
"ServerTcpPort","data-class small-class","ServerTcpPort","constructor",
"ServerTcpPort","data-class small-class","ServerTcpPort","constructor",
"ServerTcpPort","data-class small-class","getPort","get property non-void-command",
"TimeDuration","data-provider","TimeDuration","constructor",
"TimeDuration","data-provider","getTime","property",
"TimeDuration","data-provider","getTimeInMillis","get",
"TimeDuration","data-provider","getTimeInSeconds","property",
"TimeDuration","data-provider","as","property controller",
"LogRecorderTest","degenerate","targetIncludes","wrapper stateless",
"LogRecorderTest","degenerate","targetMatches","wrapper stateless",
"LogRecorderTest","degenerate","testClearing","controller stateless",
"LogRecorderTest","degenerate","testSpecificExclusion","controller stateless",
"LogRecorderTest","degenerate","autocompletionTest","controller stateless",
"TreeString","unclassified","TreeString","constructor",
"TreeString","unclassified","TreeString","copy-constructor",
"TreeString","unclassified","getLabel","property",
"TreeString","unclassified","split","non-void-command factory",
"TreeString","unclassified","depth","property",
"TreeString","unclassified","equals","predicate non-void-command collaborator",
"TreeString","unclassified","hashCode","property non-void-command",
"TreeString","unclassified","toString","property non-void-command",
"TreeString","unclassified","dedup","set",
"TreeString","unclassified","isBlank","predicate non-void-command",
"ResponseHeaderFilter","commander boundary","init","set collaborator",
"ResponseHeaderFilter","commander boundary","doFilter","command collaborator",
"ResponseHeaderFilter","commander boundary","destroy","empty",
"URLClassLoader2","entity boundary","URLClassLoader2","constructor",
"URLClassLoader2","entity boundary","URLClassLoader2","constructor",
"URLClassLoader2","entity boundary","URLClassLoader2","constructor",
"URLClassLoader2","entity boundary","URLClassLoader2","constructor",
"URLClassLoader2","entity boundary","addURL","command collaborator",
"URLClassLoader2","entity boundary","findClass","property non-void-command collaborator",
"URLClassLoader2","entity boundary","findLoadedClass2","property non-void-command collaborator",
"URLClassLoader2","entity boundary","getClassLoadingLock","property non-void-command collaborator",
"ApiTokenPropertyDisabledDefaultAdministrativeMonitor","entity boundary degenerate","getDisplayName","wrapper stateless",
"ApiTokenPropertyDisabledDefaultAdministrativeMonitor","entity boundary degenerate","isActivated","wrapper stateless",
"ApiTokenPropertyDisabledDefaultAdministrativeMonitor","entity boundary degenerate","isSecurity","incidental",
"ApiTokenPropertyDisabledDefaultAdministrativeMonitor","entity boundary degenerate","doAct","property non-void-command collaborator",
"VirtualFile","boundary degenerate","readLink","incidental",
"VirtualFile","boundary degenerate","list","property non-void-command collaborator",
"VirtualFile","boundary degenerate","supportsQuickRecursiveListing","incidental",
"VirtualFile","boundary degenerate","hasSymlink","collaborator incidental",
"VirtualFile","boundary degenerate","listOnlyDescendants","non-void-command factory",
"VirtualFile","boundary degenerate","list","property non-void-command",
"VirtualFile","boundary degenerate","list","property non-void-command collaborator",
"VirtualFile","boundary degenerate","list","property non-void-command collaborator",
"VirtualFile","boundary degenerate","containsSymLinkChild","collaborator incidental",
"VirtualFile","boundary degenerate","containsTmpDirChild","predicate non-void-command collaborator",
"VirtualFile","boundary degenerate","patterns","factory controller stateless",
"VirtualFile","boundary degenerate","zip","property non-void-command collaborator",
"VirtualFile","boundary degenerate","sendOneZipEntry","controller stateless",
"VirtualFile","boundary degenerate","mode","incidental",
"VirtualFile","boundary degenerate","open","property non-void-command collaborator",
"VirtualFile","boundary degenerate","compareTo","controller stateless",
"VirtualFile","boundary degenerate","equals","predicate non-void-command collaborator",
"VirtualFile","boundary degenerate","hashCode","property non-void-command",
"VirtualFile","boundary degenerate","toString","property non-void-command",
"VirtualFile","boundary degenerate","run","controller stateless",
"VirtualFile","boundary degenerate","toExternalURL","collaborator incidental",
"VirtualFile","boundary degenerate","supportIsDescendant","incidental",
"VirtualFile","boundary degenerate","isDescendant","incidental",
"VirtualFile","boundary degenerate","joinWithForwardSlashes","wrapper stateless",
"FileBoolean","unclassified","FileBoolean","constructor",
"FileBoolean","unclassified","FileBoolean","constructor",
"FileBoolean","unclassified","get","predicate set",
"FileBoolean","unclassified","fastGet","get predicate non-void-command",
"FileBoolean","unclassified","isOn","predicate non-void-command",
"FileBoolean","unclassified","isOff","predicate non-void-command",
"FileBoolean","unclassified","set","command",
"FileBoolean","unclassified","on","command",
"FileBoolean","unclassified","off","command",
"PathRemover","entity commander boundary","PathRemover","constructor",
"PathRemover","entity commander boundary","forceRemoveFile","command collaborator",
"PathRemover","entity commander boundary","forceRemoveDirectoryContents","command collaborator",
"PathRemover","entity commander boundary","forceRemoveRecursive","command collaborator",
"PathRemover","entity commander boundary","tryRemoveFile","property non-void-command collaborator",
"PathRemover","entity commander boundary","tryRemoveRecursive","property non-void-command collaborator",
"PathRemover","entity commander boundary","tryRemoveDirectoryContents","non-void-command factory collaborator",
"PathRemover","entity commander boundary","removeOrMakeRemovableThenRemove","command collaborator",
"SparseACL","boundary","SparseACL","constructor",
"SparseACL","boundary","add","command collaborator",
"SparseACL","boundary","add","command",
"SparseACL","boundary","hasPermission2","predicate non-void-command collaborator",
"SparseACL","boundary","hasPermission","property controller",
"JavaUtils","empty","JavaUtils","constructor",
"FilteredFunctionContext","entity boundary small-class","FilteredFunctionContext","constructor",
"FilteredFunctionContext","entity boundary small-class","FilteredFunctionContext","constructor",
"FilteredFunctionContext","entity boundary small-class","getFunction","property non-void-command collaborator",
"CriticalXStreamException","empty","CriticalXStreamException","constructor",
"SafeURLConverter","entity boundary small-class","fromString","property non-void-command collaborator",
"AbstractUserDetailsAuthenticationProvider","entity boundary small-class","authenticate","property non-void-command collaborator",
"AbstractUserDetailsAuthenticationProvider","entity boundary small-class","supports","wrapper stateless",
"XStreamDOM","data-provider boundary","XStreamDOM","constructor",
"XStreamDOM","data-provider boundary","XStreamDOM","copy-constructor",
"XStreamDOM","data-provider boundary","XStreamDOM","copy-constructor",
"XStreamDOM","data-provider boundary","toAttributeList","controller stateless",
"XStreamDOM","data-provider boundary","getTagName","get",
"XStreamDOM","data-provider boundary","unmarshal","property non-void-command collaborator",
"XStreamDOM","data-provider boundary","unmarshal","property non-void-command collaborator",
"XStreamDOM","data-provider boundary","expandMacro","property non-void-command factory collaborator",
"XStreamDOM","data-provider boundary","getAttribute","get property wrapper",
"XStreamDOM","data-provider boundary","getAttributeCount","get",
"XStreamDOM","data-provider boundary","getAttributeName","get",
"XStreamDOM","data-provider boundary","getAttribute","get",
"XStreamDOM","data-provider boundary","getValue","get",
"XStreamDOM","data-provider boundary","getChildren","get",
"XStreamDOM","data-provider boundary","newReader","property factory collaborator",
"XStreamDOM","data-provider boundary","writeTo","command collaborator",
"XStreamDOM","data-provider boundary","writeTo","command collaborator",
"XStreamDOM","data-provider boundary","writeTo","wrapper",
"XStreamDOM","data-provider boundary","getAttributeMap","property controller",
"FullHeader","degenerate small-class","isCompatible","incidental",
"WebSocketEcho","pure-controller degenerate small-class","getUrlName","incidental",
"WebSocketEcho","pure-controller degenerate small-class","doIndex","controller stateless",
